const beatmap = [
  [0, [196.0, 98.0, 146.83], 3],
  [1454, [246.94, 349.23, 466.16], 3],
  [181, [220.0, 293.66, 392.0], 3],
  [363, [466.16, 349.23, 246.94], 3],
  [181, [220.0, 293.66, 392.0], 3],
  [363, [466.16, 246.94, 349.23], 3],
  [181, [246.94, 293.66, 392.0], 3],
  [3090, [622.25], 2],
  [181, [523.25], 2],
  [727, [466.16], 2],
  [181, [523.25], 2],
  [181, [622.25], 2],
  [363, [523.25], 2],
  [727, [698.46], 2],
  [181, [783.99], 2],
  [363, [622.25], 2],
  [90, [587.33], 2],
  [90, [523.25], 2],
  [727, [392.0], 2],
  [181, [622.25], 2],
  [181, [523.25], 2],
  [363, [466.16], 2],
  [181, [523.25], 2],
  [363, [466.16], 2],
  [181, [523.25], 2],
  [363, [466.16], 2],
  [181, [698.46], 2],
  [181, [622.25], 2],
  [727, [698.46], 2],
  [181, [622.25], 2],
  [363, [523.25], 2],
  [181, [622.25], 2],
  [363, [523.25], 2],
  [181, [622.25], 2],
  [181, [698.46], 2],
  [181, [739.99], 2],
  [181, [783.99], 2],
  [181, [932.33], 2],
  [181, [783.99], 2],
  [909, [932.33], 2],
  [181, [783.99], 2],
  [909, [932.33], 2],
  [181, [783.99], 2],
  [181, [146.83, 196.0], 2],
  [181, [174.61, 233.08], 2],
  [181, [466.16, 622.25], 2],
  [181, [392.0, 523.25], 2],
  [727, [349.23, 466.16], 2],
  [181, [392.0, 523.25], 2],
  [181, [466.16, 622.25], 2],
  [363, [392.0, 523.25], 2],
  [727, [523.25, 698.46], 2],
  [181, [587.33, 783.99], 2],
  [363, [466.16, 622.25], 2],
  [90, [440.0, 587.33], 2],
  [90, [392.0, 523.25], 2],
  [727, [293.66, 392.0], 2],
  [181, [466.16, 622.25], 2],
  [181, [392.0, 523.25], 2],
  [363, [349.23, 466.16], 2],
  [181, [392.0, 523.25], 2],
  [363, [349.23, 466.16], 2],
  [181, [392.0, 523.25], 2],
  [363, [349.23, 466.16], 2],
  [181, [523.25, 698.46], 2],
  [181, [466.16, 622.25], 2],
  [727, [523.25, 698.46], 2],
  [181, [466.16, 622.25], 2],
  [363, [392.0, 523.25], 2],
  [181, [466.16, 622.25], 2],
  [363, [392.0, 523.25], 2],
  [181, [466.16, 622.25], 2],
  [181, [523.25, 698.46], 2],
  [181, [554.37, 739.99], 2],
  [181, [587.33, 783.99], 2],
  [181, [698.46, 932.33], 2],
  [181, [587.33, 783.99], 2],
  [909, [698.46, 932.33], 2],
  [181, [587.33, 783.99], 2],
  [909, [698.46, 932.33], 2],
  [181, [783.99, 587.33], 2],
  [363, [392.0, 466.16], 2],
  [181, [523.25, 415.3], 2],
  [181, [415.3, 523.25], 2],
  [181, [415.3, 523.25], 2],
  [181, [466.16, 587.33], 2],
  [181, [523.25, 622.25], 2],
  [181, [523.25, 622.25], 2],
  [181, [466.16, 587.33], 2],
  [181, [415.3, 523.25], 2],
  [181, [392.0, 466.16], 2],
  [181, [523.25, 392.0], 2],
  [363, [392.0, 311.13], 2],
  [909, [415.3, 523.25], 2],
  [181, [415.3, 523.25], 2],
  [181, [415.3, 523.25], 2],
  [181, [466.16, 587.33], 2],
  [181, [523.25, 622.25], 2],
  [181, [523.25, 622.25], 2],
  [181, [587.33, 698.46], 2],
  [181, [523.25, 622.25], 2],
  [181, [698.46, 587.33], 2],
  [181, [622.25, 783.99], 2],
  [363, [783.99, 622.25], 2],
  [727, [523.25, 622.25], 2],
  [90, [466.16, 587.33], 2],
  [90, [415.3, 523.25], 2],
  [181, [415.3, 523.25], 2],
  [181, [415.3, 523.25], 2],
  [181, [466.16, 587.33], 2],
  [181, [523.25, 622.25], 2],
  [181, [523.25, 622.25], 2],
  [181, [466.16, 587.33], 2],
  [181, [415.3, 523.25], 2],
  [181, [466.16, 392.0], 2],
  [181, [523.25, 392.0], 2],
  [363, [392.0, 311.13], 2],
  [727, [261.63, 311.13], 2],
  [90, [311.13, 392.0], 2],
  [90, [415.3, 523.25], 2],
  [181, [415.3, 523.25], 2],
  [181, [415.3, 523.25], 2],
  [181, [466.16, 587.33], 2],
  [181, [415.3, 523.25], 2],
  [181, [415.3, 523.25], 2],
  [181, [349.23, 466.16], 2],
  [181, [293.66, 392.0], 2],
  [181, [293.66, 349.23], 2],
  [181, [311.13, 392.0], 2],
  [181, [233.08, 311.13], 2],
  [181, [196.0, 261.63], 2],
  [909, [587.33], 2],
  [545, [523.25], 2],
  [90, [587.33], 2],
  [90, [466.16], 2],
  [363, [880.0], 2],
  [272, [698.46], 2],
  [90, [622.25], 2],
  [272, [698.46], 2],
  [90, [783.99], 2],
  [848, [523.25], 2],
  [109, [554.37], 2],
  [132, [587.33], 2],
  [545, [523.25], 2],
  [90, [587.33], 2],
  [90, [466.16], 2],
  [238, [880.0], 2],
  [268, [698.46], 2],
  [310, [1046.5], 2],
  [878, [523.25], 2],
  [242, [783.99], 2],
  [242, [1046.5], 2],
  [545, [932.33], 2],
  [90, [830.61], 2],
  [90, [783.99], 2],
  [272, [698.46], 2],
  [272, [783.99], 2],
  [181, [932.33], 2],
  [545, [830.61], 2],
  [90, [783.99], 2],
  [90, [698.46], 2],
  [272, [622.25], 2],
  [272, [698.46], 2],
  [181, [587.33], 2],
  [272, [783.99], 2],
  [90, [783.99], 2],
  [1090, [349.23, 466.16, 246.94], 3],
  [181, [293.66, 392.0, 220.0], 3],
  [363, [349.23, 466.16, 246.94], 3],
  [181, [293.66, 392.0, 220.0], 3],
  [363, [349.23, 466.16, 246.94], 3],
  [181, [293.66, 392.0, 246.94], 3],
  [181, [622.25], 2],
  [181, [523.25], 2],
  [727, [466.16], 2],
  [181, [523.25], 2],
  [181, [622.25], 2],
  [363, [523.25], 2],
  [727, [698.46], 2],
  [181, [783.99], 2],
  [363, [622.25], 2],
  [90, [587.33], 2],
  [90, [523.25], 2],
  [727, [392.0], 2],
  [181, [622.25], 2],
  [181, [523.25], 2],
  [363, [466.16], 2],
  [181, [523.25], 2],
  [363, [466.16], 2],
  [181, [523.25], 2],
  [363, [466.16], 2],
  [181, [698.46], 2],
  [181, [622.25], 2],
  [727, [698.46], 2],
  [181, [622.25], 2],
  [363, [523.25], 2],
  [181, [622.25], 2],
  [363, [523.25], 2],
  [181, [622.25], 2],
  [181, [698.46], 2],
  [181, [739.99], 2],
  [181, [783.99], 2],
  [181, [932.33], 2],
  [181, [783.99], 2],
  [909, [932.33], 2],
  [181, [783.99], 2],
  [909, [932.33], 2],
  [181, [783.99], 2],
  [181, [146.83, 196.0], 2],
  [181, [174.61, 233.08], 2],
  [181, [466.16, 622.25], 2],
  [181, [392.0, 523.25], 2],
  [727, [349.23, 466.16], 2],
  [181, [392.0, 523.25], 2],
  [181, [466.16, 622.25], 2],
  [363, [392.0, 523.25], 2],
  [727, [523.25, 698.46], 2],
  [181, [587.33, 783.99], 2],
  [363, [466.16, 622.25], 2],
  [90, [440.0, 587.33], 2],
  [90, [392.0, 523.25], 2],
  [727, [293.66, 392.0], 2],
  [181, [466.16, 622.25], 2],
  [181, [392.0, 523.25], 2],
  [363, [349.23, 466.16], 2],
  [181, [392.0, 523.25], 2],
  [363, [349.23, 466.16], 2],
  [181, [392.0, 523.25], 2],
  [363, [349.23, 466.16], 2],
  [181, [523.25, 698.46], 2],
  [181, [466.16, 622.25], 2],
  [727, [523.25, 698.46], 2],
  [181, [466.16, 622.25], 2],
  [363, [392.0, 523.25], 2],
  [181, [466.16, 622.25], 2],
  [363, [392.0, 523.25], 2],
  [181, [466.16, 622.25], 2],
  [181, [523.25, 698.46], 2],
  [181, [554.37, 739.99], 2],
  [181, [587.33, 783.99], 2],
  [181, [698.46, 932.33], 2],
  [181, [587.33, 783.99], 2],
  [909, [698.46, 932.33], 2],
  [181, [587.33, 783.99], 2],
  [909, [698.46, 932.33], 2],
  [181, [783.99, 587.33], 2],
  [363, [392.0, 466.16], 2],
  [181, [523.25, 415.3], 2],
  [181, [415.3, 523.25], 2],
  [181, [415.3, 523.25], 2],
  [181, [466.16, 587.33], 2],
  [181, [523.25, 622.25], 2],
  [181, [523.25, 622.25], 2],
  [181, [466.16, 587.33], 2],
  [181, [415.3, 523.25], 2],
  [181, [392.0, 466.16], 2],
  [181, [523.25, 392.0], 2],
  [363, [392.0, 311.13], 2],
  [909, [415.3, 523.25], 2],
  [181, [415.3, 523.25], 2],
  [181, [415.3, 523.25], 2],
  [181, [466.16, 587.33], 2],
  [181, [523.25, 622.25], 2],
  [181, [523.25, 622.25], 2],
  [181, [587.33, 698.46], 2],
  [181, [523.25, 622.25], 2],
  [181, [698.46, 587.33], 2],
  [181, [622.25, 783.99], 2],
  [363, [783.99, 622.25], 2],
  [727, [523.25, 622.25], 2],
  [90, [466.16, 587.33], 2],
  [90, [415.3, 523.25], 2],
  [181, [415.3, 523.25], 2],
  [181, [415.3, 523.25], 2],
  [181, [466.16, 587.33], 2],
  [181, [523.25, 622.25], 2],
  [181, [523.25, 622.25], 2],
  [181, [466.16, 587.33], 2],
  [181, [415.3, 523.25], 2],
  [181, [466.16, 392.0], 2],
  [181, [523.25, 392.0], 2],
  [363, [392.0, 311.13], 2],
  [727, [261.63, 311.13], 2],
  [90, [311.13, 392.0], 2],
  [90, [415.3, 523.25], 2],
  [181, [415.3, 523.25], 2],
  [181, [415.3, 523.25], 2],
  [181, [466.16, 587.33], 2],
  [181, [415.3, 523.25], 2],
  [181, [415.3, 523.25], 2],
  [181, [349.23, 466.16], 2],
  [181, [293.66, 392.0], 2],
  [181, [293.66, 349.23], 2],
  [181, [311.13, 392.0], 2],
  [181, [233.08, 311.13], 2],
  [181, [196.0, 261.63], 2],
  [909, [587.33], 2],
  [545, [523.25], 2],
  [90, [587.33], 2],
  [90, [466.16], 2],
  [363, [880.0], 2],
  [272, [698.46], 2],
  [90, [622.25], 2],
  [272, [698.46], 2],
  [90, [783.99], 2],
  [848, [523.25], 2],
  [109, [554.37], 2],
  [132, [587.33], 2],
  [545, [523.25], 2],
  [90, [587.33], 2],
  [90, [466.16], 2],
  [238, [880.0], 2],
  [268, [698.46], 2],
  [310, [1046.5], 2],
  [878, [523.25], 2],
  [242, [783.99], 2],
  [242, [1046.5], 2],
  [545, [932.33], 2],
  [90, [830.61], 2],
  [90, [783.99], 2],
  [272, [698.46], 2],
  [272, [783.99], 2],
  [181, [932.33], 2],
  [545, [830.61], 2],
  [90, [783.99], 2],
  [90, [698.46], 2],
  [272, [622.25], 2],
  [272, [698.46], 2],
  [181, [587.33], 2],
  [272, [783.99], 2],
  [90, [783.99], 2],
  [1090, [349.23, 466.16, 246.94], 3],
  [181, [293.66, 392.0, 220.0], 3],
  [363, [349.23, 466.16, 246.94], 3],
  [181, [293.66, 392.0, 220.0], 3],
  [363, [349.23, 466.16, 246.94], 3],
  [181, [293.66, 392.0, 246.94], 3],
];
