const beatmap = [
  [0, 294, 1],
  [300, [294], 2],
  [150, [294], 2],
  [300, [294], 2],
  [150, [294], 2],
  [300, [294], 2],
  [150, [294], 2],
  [150, [294], 2],
  [150, [294], 2],
  [150, [294], 2],
  [300, [294], 2],
  [150, [294], 2],
  [300, [294], 2],
  [150, [294], 2],
  [300, [294], 2],
  [150, [294], 2],
  [150, [294], 2],
  [150, [294], 2],
  [150, [294], 2],
  [300, [294], 2],
  [150, [294], 2],
  [300, [294], 2],
  [150, [294], 2],
  [300, [294], 2],
  [150, [294], 2],
  [150, [220], 2],
  [150, [262], 2],
  [150, [175, 220, 294], 3],
  [300, [175, 220, 294], 3],
  [300, [175, 220, 294], 3],
  [150, [220, 262, 330], 3],
  [150, [233, 294, 349], 3],
  [300, [233, 294, 349], 3],
  [300, [233, 294, 349], 3],
  [150, [294, 392], 2],
  [150, [220, 262, 330], 3],
  [300, [220, 262, 330], 3],
  [300, [220, 294], 2],
  [150, [196, 262], 2],
  [150, [220, 262], 2],
  [150, [220, 294], 2],
  [450, [220], 2],
  [150, [262], 2],
  [150, [175, 233, 294], 3],
  [300, [175, 233, 294], 3],
  [300, [233, 294], 2],
  [150, [233, 330], 2],
  [150, [220, 262, 349], 3],
  [300, [220, 262, 349], 3],
  [300, [262, 349], 2],
  [150, [262, 392], 2],
  [150, [220, 262, 330], 3],
  [300, [220, 262, 330], 3],
  [300, [220, 294], 2],
  [150, [196, 262], 2],
  [150, [175, 220, 294], 3],
  [600, [220], 2],
  [150, [262], 2],
  [150, [175, 220, 294], 3],
  [300, [175, 220, 294], 3],
  [300, [220, 294], 2],
  [150, [220, 349], 2],
  [150, [233, 294, 392], 3],
  [300, [233, 294, 392], 3],
  [300, [294, 392], 2],
  [150, [294, 440], 2],
  [150, [294, 392, 466], 3],
  [300, [294, 392, 466], 3],
  [300, [349, 440], 2],
  [150, [330, 392], 2],
  [150, [349, 440], 2],
  [150, [294], 2],
  [450, [294], 2],
  [150, [330], 2],
  [150, [233, 294, 349], 3],
  [300, [233, 294, 349], 3],
  [300, [233, 294, 392], 3],
  [300, [349, 440], 2],
  [150, [294], 2],
  [450, [294], 2],
  [150, [349], 2],
  [150, [220, 277, 330], 3],
  [300, [220, 277, 330], 3],
  [300, [294, 349], 2],
  [150, [247, 294], 2],
  [150, [220, 277, 330], 3],
  [600, [440], 2],
  [150, [523], 2],
  [150, [349, 440, 587], 3],
  [300, [349, 440, 587], 3],
  [300, [349, 440, 587], 3],
  [150, [440, 523, 659], 3],
  [150, [466, 587, 698], 3],
  [300, [466, 587, 698], 3],
  [300, [466, 587, 698], 3],
  [150, [587, 784], 2],
  [150, [440, 523, 659], 3],
  [300, [440, 523, 659], 3],
  [300, [440, 587], 2],
  [150, [392, 523], 2],
  [150, [440, 523], 2],
  [150, [440, 587], 2],
  [450, [440], 2],
  [150, [523], 2],
  [150, [349, 466, 587], 3],
  [300, [349, 466, 587], 3],
  [300, [466, 587], 2],
  [150, [466, 659], 2],
  [150, [440, 523, 698], 3],
  [300, [440, 523, 698], 3],
  [300, [523, 698], 2],
  [150, [523, 784], 2],
  [150, [523, 659], 2],
  [300, [523, 659], 2],
  [300, [440, 587], 2],
  [150, [523], 2],
  [150, [349, 440, 587], 4],
  [600, [440], 2],
  [150, [523], 2],
  [150, [349, 440, 587], 3],
  [300, [349, 440, 587], 3],
  [300, [440, 587], 2],
  [150, [440, 698], 2],
  [150, [466, 587, 784], 3],
  [300, [466, 587, 784], 3],
  [300, [587, 784], 2],
  [150, [587, 880], 2],
  [150, [587, 784, 932], 3],
  [300, [587, 784, 932], 3],
  [300, [698, 880], 2],
  [150, [659, 784], 2],
  [150, [698, 880], 2],
  [150, [587], 2],
  [450, [587], 2],
  [150, [659], 2],
  [150, [466, 587, 698], 3],
  [300, [466, 587, 698], 3],
  [300, [466, 587, 784], 3],
  [300, [698, 880], 2],
  [150, [587], 2],
  [450, [587], 2],
  [150, [698], 2],
  [150, [440, 554, 659], 3],
  [300, [440, 554, 659], 3],
  [300, [587], 2],
  [150, [554], 2],
  [150, [440, 587], 2],
  [300, [440, 587], 2],
  [300, [440, 523, 659], 3],
  [300, [523, 587, 698], 3],
  [300, [698], 2],
  [150, [698], 2],
  [150, [466, 587, 784], 3],
  [300, [587, 880], 2],
  [150, [698], 2],
  [450, [440, 698], 2],
  [150, [440, 587], 2],
  [150, [440], 2],
  [900, [587, 784, 932], 3],
  [600, [466, 784], 2],
  [150, [466, 587], 2],
  [150, [466], 2],
  [900, [277, 330], 2],
  [150, [277, 330], 2],
  [300, [196, 294], 2],
  [450, [220, 277, 349], 3],
  [600, [349], 2],
  [150, [392], 2],
  [150, [294, 349, 440], 3],
  [300, [294, 349, 440], 3],
  [300, [294, 349, 440], 3],
  [300, [294, 349, 466], 3],
  [150, [294, 349, 440], 3],
  [750, [262, 330, 392], 3],
  [300, [262, 330, 392], 3],
  [300, [262, 330, 392], 3],
  [300, [262, 330, 392], 3],
  [150, [262, 349, 440], 3],
  [750, [294, 349, 440], 3],
  [300, [294, 349, 440], 3],
  [300, [294, 349, 440], 3],
  [300, [294, 349, 466], 3],
  [150, [294, 349, 440], 3],
  [750, [277, 330, 392], 3],
  [300, [277, 349], 2],
  [300, [220, 330], 2],
  [300, [175, 220, 294], 3],
  [600, [294], 2],
  [150, [330], 2],
  [150, [220, 294, 349], 4],
  [600, [392], 2],
  [150, [440], 2],
  [150, [262, 392], 2],
  [300, [262, 349], 2],
  [300, [262, 330], 2],
  [300, [220, 262, 349], 3],
  [300, [220, 262, 392], 3],
  [300, [220, 262, 440], 3],
  [300, [262, 330, 392], 3],
  [600, [349], 2],
  [150, [392], 2],
  [150, [262, 349, 440], 4],
  [600, [392], 2],
  [150, [349], 2],
  [150, [277, 330], 2],
  [300, [277, 349], 2],
  [300, [277, 330], 2],
  [300, [175, 220, 294], 3],
  [600, [330], 2],
  [150, [262], 2],
  [150, [175, 220, 294], 4],
  [600, [587], 2],
  [150, [659], 2],
  [150, [440, 587, 698], 4],
  [600, [659], 2],
  [150, [698], 2],
  [150, [523, 784], 2],
  [300, [523, 698], 2],
  [300, [523, 784], 2],
  [300, [698, 880], 2],
  [300, [523, 784], 2],
  [300, [523, 698], 2],
  [300, [349, 466, 587], 3],
  [600, [587], 2],
  [150, [659], 2],
  [150, [440, 587, 698], 3],
  [300, [440, 587, 784], 3],
  [300, [587, 880], 2],
  [300, [466, 587, 932], 3],
  [300, [466, 587], 2],
  [300, [466, 784], 2],
  [300, [440, 698], 2],
  [600, [784], 2],
  [150, [659], 2],
  [150, [440, 587], 2],
  [600, [659], 2],
  [150, [554], 2],
  [150, [587, 698, 880], 3],
  [900, [587, 784, 932], 3],
  [900, [523, 698, 880], 3],
  [300, [523, 698, 880], 3],
  [300, [523, 698, 880], 3],
  [300, [523, 659, 880], 3],
  [150, [784], 2],
  [750, [466, 587, 784], 3],
  [900, [440, 587, 698], 3],
  [900, [440, 698], 2],
  [300, [440, 784], 2],
  [300, [440, 659], 2],
  [300, [349, 440, 587], 3],
  [450, [587], 2],
  [150, [659], 2],
  [150, [698], 2],
  [150, [587, 698, 880], 4],
  [450, [587], 2],
  [150, [659], 2],
  [150, [698], 2],
  [150, [587, 698, 932], 4],
  [450, [587], 2],
  [150, [659], 2],
  [150, [698], 2],
  [150, [523, 698, 880], 3],
  [300, [523, 698, 880], 3],
  [300, [698, 1047], 2],
  [300, [523, 659, 880], 3],
  [150, [784], 2],
  [750, [466, 587, 784], 3],
  [900, [440, 587, 698], 3],
  [900, [440, 698], 2],
  [300, [440, 784], 2],
  [300, [440, 659], 2],
  [300, [349, 440, 587], 3],
  [900, [294], 2],
];
