const beatmap = [
  [4, [293.66, 369.99, 123.47], 3],
  [509, [369.99, 440.0], 2],
  [246, [440.0, 554.37], 2],
  [498, [369.99, 440.0], 2],
  [493, [293.66, 369.99], 2],
  [249, [293.66, 207.65], 2],
  [264, [293.66, 207.65], 2],
  [248, [293.66, 207.65], 2],
  [1237, [277.18, 174.61], 2],
  [249, [293.66, 123.47, 185.0], 3],
  [264, [293.66, 369.99], 2],
  [248, [369.99, 440.0], 2],
  [246, [440.0, 554.37], 2],
  [498, [369.99, 440.0], 2],
  [493, [293.66, 369.99], 2],
  [249, [329.63, 415.3, 659.26, 207.65], 4],
  [759, [311.13, 392.0, 622.25, 196.0], 4],
  [249, [293.66, 369.99, 587.33, 185.0], 4],
  [991, [415.3, 110.0], 2],
  [512, [554.37, 277.18, 329.63], 3],
  [246, [369.99], 2],
  [498, [554.37, 164.81], 2],
  [493, [415.3, 207.65], 2],
  [514, [554.37, 277.18, 329.63], 3],
  [494, [392.0, 196.0], 2],
  [249, [369.99, 185.0], 2],
  [495, [329.63, 277.18], 2],
  [496, [185.0, 261.63, 73.42], 3],
  [264, [185.0, 261.63, 73.42], 3],
  [248, [185.0, 261.63, 73.42], 3],
  [991, [185.0, 261.63, 73.42], 3],
  [246, [185.0, 261.63, 73.42], 3],
  [249, [185.0, 261.63, 73.42], 3],
  [1008, [207.65, 246.94, 311.13], 3],
  [495, [196.0, 233.08, 293.66], 3],
  [496, [293.66, 369.99, 185.0, 220.0, 277.18], 4],
  [512, [369.99, 440.0], 2],
  [246, [440.0, 554.37], 2],
  [498, [369.99, 440.0], 2],
  [493, [311.13, 369.99, 293.66], 3],
  [249, [329.63, 207.65, 293.66], 3],
  [264, [329.63, 207.65, 293.66], 3],
  [248, [329.63, 207.65, 293.66], 3],
  [495, [415.3, 659.26], 2],
  [249, [415.3, 659.26], 2],
  [246, [415.3, 659.26], 2],
  [496, [123.47], 2],
  [264, [293.66, 369.99], 2],
  [248, [369.99, 440.0], 2],
  [246, [440.0, 554.37], 2],
  [499, [369.99, 440.0], 2],
  [503, [293.66, 369.99], 2],
  [258, [329.63, 415.3, 554.37, 164.81], 4],
  [1013, [293.66, 369.99, 493.88, 146.83], 4],
  [991, [493.88, 164.81], 2],
  [264, [392.0], 2],
  [248, [293.66, 246.94], 2],
  [246, [277.18, 110.0], 2],
  [498, [493.88, 220.0, 277.18], 3],
  [246, [392.0], 2],
  [246, [277.18], 2],
  [249, [440.0, 146.83], 2],
  [264, [369.99], 2],
  [248, [261.63, 220.0], 2],
  [246, [246.94, 98.0], 2],
  [498, [349.23, 196.0, 246.94], 3],
  [246, [293.66], 2],
  [246, [246.94], 2],
  [249, [185.0, 277.18, 123.47, 164.81], 4],
  [264, [185.0, 277.18, 123.47, 164.81], 4],
  [248, [185.0, 277.18, 123.47, 164.81], 4],
  [1237, [466.16, 138.59], 2],
  [249, [493.88, 146.83], 2],
  [264, [554.37, 196.0], 2],
  [248, [587.33, 207.65], 2],
  [246, [739.99, 277.18], 2],
  [249, [880.0, 392.0], 2],
  [2000, [220.0], 2],
  [495, [233.08], 2],
  [496, [246.94, 164.81], 2],
  [512, [164.81, 196.0], 2],
  [246, [233.08, 123.47], 2],
  [249, [246.94], 2],
  [249, [164.81, 196.0], 2],
  [742, [110.0], 2],
  [264, [164.81, 196.0], 2],
  [248, [220.0], 2],
  [246, [233.08, 164.81], 2],
  [249, [246.94], 2],
  [249, [369.99], 2],
  [246, [185.0, 196.0, 246.94], 4],
  [246, [277.18], 2],
  [249, [246.94, 146.83], 2],
  [512, [185.0, 220.0], 2],
  [246, [233.08, 110.0], 2],
  [249, [246.94], 2],
  [249, [185.0, 220.0], 2],
  [493, [138.59], 2],
  [249, [146.83], 2],
  [264, [185.0, 220.0], 2],
  [494, [110.0], 2],
  [249, [246.94], 2],
  [495, [261.63, 185.0, 220.0], 3],
  [496, [277.18, 92.5], 2],
  [512, [155.56, 246.94], 2],
  [246, [261.63, 138.59], 2],
  [249, [277.18], 2],
  [249, [138.59, 233.08], 2],
  [493, [87.31], 2],
  [249, [92.5], 2],
  [264, [138.59, 233.08], 2],
  [248, [277.18], 2],
  [246, [261.63, 69.3], 2],
  [249, [277.18], 2],
  [249, [415.3], 2],
  [246, [138.59, 233.08], 2],
  [246, [311.13], 2],
  [249, [277.18, 92.5], 2],
  [512, [185.0, 220.0], 2],
  [246, [311.13, 123.47], 2],
  [249, [246.94], 2],
  [249, [185.0, 220.0], 2],
  [493, [277.18], 2],
  [249, [293.66, 82.41], 2],
  [264, [369.99, 440.0], 2],
  [494, [293.66], 2],
  [249, [329.63, 415.3, 138.59, 246.94], 4],
  [249, [329.63, 415.3, 138.59, 246.94], 4],
  [246, [329.63, 415.3, 138.59, 246.94], 4],
  [499, [293.66, 369.99, 123.47], 3],
  [509, [369.99, 440.0], 2],
  [246, [440.0, 554.37], 2],
  [498, [369.99, 440.0], 2],
  [493, [293.66, 369.99], 2],
  [249, [293.66, 207.65], 2],
  [264, [293.66, 207.65], 2],
  [248, [293.66, 207.65], 2],
  [1237, [277.18, 174.61], 2],
  [249, [293.66, 123.47, 185.0], 3],
  [264, [293.66, 369.99], 2],
  [248, [369.99, 440.0], 2],
  [246, [440.0, 554.37], 2],
  [498, [369.99, 440.0], 2],
  [493, [293.66, 369.99], 2],
  [249, [329.63, 415.3, 659.26, 207.65], 4],
  [759, [311.13, 392.0, 622.25, 196.0], 4],
  [249, [293.66, 369.99, 587.33, 185.0], 4],
  [991, [415.3, 110.0], 2],
  [512, [554.37, 277.18, 329.63], 3],
  [246, [369.99], 2],
  [498, [554.37, 164.81], 2],
  [493, [415.3, 207.65], 2],
  [514, [554.37, 277.18, 329.63], 3],
  [494, [392.0, 196.0], 2],
  [249, [369.99, 185.0], 2],
  [495, [329.63, 277.18], 2],
  [496, [185.0, 261.63, 73.42], 3],
  [264, [185.0, 261.63, 73.42], 3],
  [248, [185.0, 261.63, 73.42], 3],
  [991, [185.0, 261.63, 73.42], 3],
  [246, [185.0, 261.63, 73.42], 3],
  [249, [185.0, 261.63, 73.42], 3],
  [1008, [207.65, 246.94, 311.13], 3],
  [495, [196.0, 233.08, 293.66], 3],
  [496, [293.66, 369.99, 185.0, 220.0, 277.18], 4],
  [512, [369.99, 440.0], 2],
  [246, [440.0, 554.37], 2],
  [498, [369.99, 440.0], 2],
  [493, [311.13, 369.99, 293.66], 3],
  [249, [329.63, 207.65, 293.66], 3],
  [264, [329.63, 207.65, 293.66], 3],
  [248, [329.63, 207.65, 293.66], 3],
  [495, [415.3, 659.26], 2],
  [249, [415.3, 659.26], 2],
  [246, [415.3, 659.26], 2],
  [496, [123.47], 2],
  [264, [293.66, 369.99], 2],
  [248, [369.99, 440.0], 2],
  [246, [440.0, 554.37], 2],
  [499, [369.99, 440.0], 2],
  [503, [293.66, 369.99], 2],
  [258, [329.63, 415.3, 554.37, 164.81], 4],
  [1013, [293.66, 369.99, 493.88, 146.83], 4],
  [991, [493.88, 164.81], 2],
  [264, [392.0], 2],
  [248, [293.66, 246.94], 2],
  [246, [277.18, 110.0], 2],
  [498, [493.88, 220.0, 277.18], 3],
  [246, [392.0], 2],
  [246, [277.18], 2],
  [249, [440.0, 146.83], 2],
  [264, [369.99], 2],
  [248, [261.63, 220.0], 2],
  [246, [246.94, 98.0], 2],
  [498, [349.23, 196.0, 246.94], 3],
  [246, [293.66], 2],
  [246, [246.94], 2],
  [249, [185.0, 277.18, 123.47, 164.81], 4],
  [264, [185.0, 277.18, 123.47, 164.81], 4],
  [248, [185.0, 277.18, 123.47, 164.81], 4],
  [1237, [466.16, 138.59], 2],
  [249, [493.88, 146.83], 2],
  [264, [554.37, 196.0], 2],
  [248, [587.33, 207.65], 2],
  [246, [739.99, 277.18], 2],
  [249, [880.0, 392.0], 2],
  [2000, [220.0], 2],
  [495, [233.08], 2],
  [496, [246.94, 164.81], 2],
  [512, [164.81, 196.0], 2],
  [246, [233.08, 123.47], 2],
  [249, [246.94], 2],
  [249, [164.81, 196.0], 2],
  [742, [110.0], 2],
  [264, [164.81, 196.0], 2],
  [248, [220.0], 2],
  [246, [233.08, 164.81], 2],
  [249, [246.94], 2],
  [249, [369.99], 2],
  [246, [185.0, 196.0, 246.94], 4],
  [246, [277.18], 2],
  [249, [246.94, 146.83], 2],
  [512, [185.0, 220.0], 2],
  [246, [233.08, 110.0], 2],
  [249, [246.94], 2],
  [249, [185.0, 220.0], 2],
  [493, [138.59], 2],
  [249, [146.83], 2],
  [264, [185.0, 220.0], 2],
  [494, [110.0], 2],
  [249, [246.94], 2],
  [495, [261.63, 185.0, 220.0], 3],
  [496, [277.18, 92.5], 2],
  [512, [155.56, 246.94], 2],
  [246, [261.63, 138.59], 2],
  [249, [277.18], 2],
  [249, [138.59, 233.08], 2],
  [493, [87.31], 2],
  [249, [92.5], 2],
  [264, [138.59, 233.08], 2],
  [248, [277.18], 2],
  [246, [261.63, 69.3], 2],
  [249, [277.18], 2],
  [249, [415.3], 2],
  [246, [138.59, 233.08], 2],
  [246, [311.13], 2],
  [249, [277.18, 92.5], 2],
  [512, [185.0, 220.0], 2],
  [246, [311.13, 123.47], 2],
  [249, [246.94], 2],
  [249, [185.0, 220.0], 2],
  [493, [277.18], 2],
  [249, [293.66, 82.41], 2],
  [264, [369.99, 440.0], 2],
  [494, [293.66], 2],
  [249, [329.63, 415.3, 138.59, 246.94], 4],
  [249, [329.63, 415.3, 138.59, 246.94], 4],
  [246, [329.63, 415.3, 138.59, 246.94], 4],
];
