const beatmap = [
  [0, [208, 330], 1],
  [265, [330, 208], 1],
  [265, [415, 247], 2],
  [265, [247, 415], 1],
  [265, [370, 277], 2],
  [652, 370, 2],
  [130, 415, 2],
  [260, 277, 2],
  [391, 311, 2],
  [391, 330, 2],
  [260, 415, 2],
  [1043, 330, 2],
  [521, 415, 2],
  [521, 370, 2],
  [652, 370, 1],
  [130, 415, 2],
  [260, 277, 2],
  [391, 311, 2],
  [391, 494, 2],
  [260, 415, 2],
  [1043, 415, 1],
  [260, 415, 1],
  [260, 440, 2],
  [260, 440, 1],
  [260, [330, 494], 2],
  [782, [370, 554], 2],
  [260, [330, 208], 2],
  [391, [247, 370], 2],
  [391, [415, 277], 2],
  [260, [494, 311], 2],
  [782, [554, 330], 2],
  [260, [311, 185], 2],
  [391, [622, 370], 2],
  [391, [494, 311], 2],
  [260, [415, 277], 2],
  [1826, [440, 294], 2],
  [130, [277, 415], 2],
  [130, [247, 370], 2],
  [1043, [208, 330], 2],
  [260, [208, 330], 1],
  [260, [247, 415], 2],
  [260, [247, 415], 1],
  [260, [277, 370], 2],
  [652, 370, 2],
  [130, 415, 2],
  [260, 277, 2],
  [391, 311, 2],
  [391, 330, 2],
  [260, 415, 2],
  [1043, 330, 2],
  [521, 415, 2],
  [521, 370, 2],
  [652, 370, 1],
  [130, 415, 2],
  [260, 277, 2],
  [391, 311, 2],
  [391, 494, 2],
  [260, 415, 2],
  [1043, 415, 1],
  [260, 415, 1],
  [260, 440, 2],
  [260, 440, 1],
  [260, [330, 494], 2],
  [782, [370, 554], 2],
  [260, [330, 208], 2],
  [391, [247, 370], 2],
  [391, [415, 277], 2],
  [260, [494, 311], 2],
  [782, [330, 554], 2],
  [260, [311, 185], 2],
  [391, [622, 370], 2],
  [391, [494, 311], 2],
  [260, [415, 277], 2],
  [1826, [440, 294], 2],
  [130, [277, 415], 2],
  [130, [247, 370], 2],
  [1043, [330, 208], 2],
  [261, [330, 208], 1],
  [261, [311, 185], 2],
  [261, [311, 185], 1],
  [261, 277, 2],
  [130, 330, 2],
  [130, 311, 2],
  [130, 330, 2],
  [130, 277, 2],
  [392, 277, 1],
  [261, 311, 2],
  [130, 330, 2],
  [130, 494, 2],
  [130, 415, 2],
  [523, 277, 2],
  [130, 330, 2],
  [130, 311, 2],
  [130, 330, 2],
  [130, 277, 2],
  [392, 277, 1],
  [261, 311, 2],
  [130, 330, 2],
  [130, 494, 2],
  [130, 415, 2],
  [523, 277, 2],
  [130, 330, 2],
  [130, 311, 2],
  [130, 330, 2],
  [130, 277, 2],
  [392, 277, 1],
  [261, 311, 2],
  [130, 330, 2],
  [130, 494, 2],
  [130, 415, 2],
  [523, 247, 2],
  [392, 370, 2],
  [392, 330, 2],
  [228, 294, 2],
  [33, 311, 2],
  [130, 277, 2],
  [261, 247, 2],
  [326, 277, 2],
  [33, 294, 2],
  [32, 311, 2],
  [261, 277, 2],
  [130, 330, 2],
  [130, 311, 2],
  [130, 330, 2],
  [130, 277, 2],
  [392, 277, 1],
  [261, 311, 2],
  [130, 330, 2],
  [130, 494, 2],
  [130, 415, 2],
  [523, 277, 2],
  [130, 330, 2],
  [130, 311, 2],
  [130, 330, 2],
  [130, 277, 2],
  [392, 277, 1],
  [261, 311, 2],
  [130, 330, 2],
  [130, 494, 2],
  [130, 415, 2],
  [523, 277, 2],
  [130, 330, 2],
  [130, 311, 2],
  [130, 330, 2],
  [130, 277, 2],
  [392, 277, 1],
  [261, 311, 2],
  [130, 330, 2],
  [130, 494, 2],
  [130, 415, 2],
  [523, [247, 123], 2],
  [391, [185, 370], 2],
  [392, [165, 330], 2],
  [229, [147, 294], 2],
  [33, [311, 156], 2],
  [130, [277, 139], 2],
  [261, [247, 123], 2],
  [326, [277, 139], 2],
  [32, [294, 147], 2],
  [33, [311, 156], 2],
];
