const beatmap = [
  [0, 392, 1],
  [208, 440, 2],
  [208, 494, 2],
  [208, 523, 2],
  [208, [587, 196, 247, 294, 392], 4],
  [312, 587, 2],
  [312, 587, 1],
  [416, 587, 1],
  [208, 659, 2],
  [208, 587, 2],
  [208, [147, 185, 220, 294], 4],
  [833, 587, 2],
  [208, 659, 2],
  [208, 587, 2],
  [208, 523, 2],
  [208, [494, 165, 247, 330], 4],
  [312, 494, 2],
  [312, 494, 1],
  [416, 523, 2],
  [208, 494, 2],
  [208, 392, 2],
  [208, [131, 165, 196, 262], 4],
  [833, 392, 2],
  [208, 440, 2],
  [208, 494, 2],
  [208, 523, 2],
  [208, [587, 196, 247, 294, 392], 4],
  [312, 587, 2],
  [312, 587, 1],
  [416, 587, 1],
  [208, 659, 2],
  [208, 587, 2],
  [208, [147, 185, 220, 294], 4],
  [833, 587, 2],
  [208, 659, 2],
  [208, 587, 2],
  [208, 523, 2],
  [208, [494, 165, 247, 330], 4],
  [312, 494, 2],
  [312, 494, 1],
  [416, 494, 1],
  [208, 440, 2],
  [208, 392, 2],
  [208, [131, 165, 196, 262], 4],
  [833, 392, 2],
  [208, 440, 2],
  [208, 494, 2],
  [208, 523, 2],
  [208, 587, 2],
  [1666, [494, 196], 2],
  [208, [247, 294, 392], 3],
  [104, 494, 2],
  [104, 196, 2],
  [208, [494, 247, 294, 392], 4],
  [208, 196, 2],
  [104, 523, 2],
  [104, [247, 294, 392], 3],
  [208, [392, 196], 2],
  [208, [494, 247, 294, 392], 4],
  [208, [440, 147], 2],
  [208, [185, 220, 294], 3],
  [104, 440, 2],
  [104, 147, 2],
  [208, [440, 185, 220, 294], 4],
  [208, 147, 2],
  [104, 587, 2],
  [104, [185, 220, 294], 3],
  [208, [370, 147], 2],
  [208, [440, 185, 220, 294], 4],
  [208, [392, 165], 2],
  [208, [247, 330], 2],
  [104, 392, 2],
  [104, 165, 2],
  [208, [392, 247, 330], 4],
  [208, 165, 2],
  [104, 392, 2],
  [104, [247, 330], 2],
  [208, [330, 165], 2],
  [208, [440, 247, 330], 3],
  [208, [392, 131], 2],
  [208, [165, 196, 262], 3],
  [104, 392, 2],
  [104, 131, 2],
  [208, [392, 165, 196, 262], 4],
  [208, 131, 2],
  [104, 370, 2],
  [104, [165, 196, 262], 3],
  [208, [392, 131], 2],
  [208, [440, 165, 196, 262], 4],
  [208, [494, 196], 2],
  [208, [247, 294, 392], 3],
  [104, 494, 2],
  [104, 196, 2],
  [208, [494, 247, 294, 392], 4],
  [208, 196, 2],
  [104, 523, 2],
  [104, [247, 294, 392], 3],
  [208, [392, 196], 2],
  [208, [494, 247, 294, 392], 4],
  [208, [440, 147], 2],
  [208, [185, 220, 294], 3],
  [104, 440, 2],
  [104, 147, 2],
  [208, [440, 185, 220, 294], 4],
  [208, 147, 2],
  [104, 587, 2],
  [104, [185, 220, 294], 3],
  [208, [370, 147], 2],
  [208, [440, 185, 220, 294], 4],
  [208, [392, 165], 2],
  [208, [247, 330], 2],
  [104, 392, 2],
  [104, 165, 2],
  [208, [392, 247, 330], 4],
  [208, 165, 2],
  [104, 392, 2],
  [104, [247, 330], 2],
  [208, [330, 165], 2],
  [208, [440, 247, 330], 3],
  [208, [392, 131], 2],
  [208, [165, 196, 262], 3],
  [104, 392, 2],
  [104, 131, 2],
  [208, [392, 165, 196, 262], 4],
  [208, 131, 2],
  [104, 370, 2],
  [104, [165, 196, 262], 3],
  [208, [392, 131], 2],
  [208, [440, 165, 196, 262], 4],
  [208, [392, 196], 2],
  [208, [392, 247, 294, 392], 4],
  [208, [392, 196], 2],
  [208, [392, 247, 294, 392], 4],
  [208, [392, 196], 2],
  [208, [247, 294, 392], 3],
  [208, [392, 196], 2],
  [208, [392, 247, 294, 392], 4],
  [208, [440, 196], 2],
  [208, [494, 247, 294, 392], 4],
  [208, 196, 2],
  [208, [494, 247, 294, 392], 4],
  [208, 196, 2],
  [208, [247, 294, 392], 4],
  [208, 196, 2],
  [208, [247, 294, 392], 3],
  [208, [587, 196], 2],
  [208, [392, 247, 294, 392], 4],
  [208, [392, 196], 2],
  [208, [392, 247, 294, 392], 4],
  [208, [392, 196], 2],
  [208, [247, 294, 392], 3],
  [208, [392, 196], 2],
  [208, [392, 247, 294, 392], 4],
  [208, [494, 196], 2],
  [208, [440, 247, 294, 392], 4],
  [208, 196, 2],
  [208, [392, 247, 294, 392], 4],
  [208, 196, 2],
  [208, [247, 294, 392], 4],
  [208, 196, 2],
  [208, [247, 294, 392], 3],
  [208, [370, 147], 2],
  [208, [185, 220, 294], 3],
  [208, [330, 147], 2],
  [208, [294, 185, 220, 294], 4],
  [208, 147, 2],
  [208, [185, 220, 294], 4],
  [208, 147, 2],
  [208, [185, 220, 294], 4],
  [208, 147, 2],
  [208, [294, 185, 220, 294], 4],
  [208, 147, 2],
  [208, [294, 185, 220, 294], 4],
  [208, 147, 2],
  [208, [294, 185, 220, 294], 4],
  [208, [330, 147], 2],
  [208, [370, 185, 220, 294], 4],
  [208, [392, 196], 2],
  [208, [247, 294, 392], 3],
  [208, [330, 196], 2],
  [208, [294, 247, 294, 392], 4],
  [208, 196, 2],
  [208, [247, 294, 392], 4],
  [208, 196, 2],
  [208, [247, 294, 392], 3],
  [208, [784, 196], 2],
  [208, [247, 294, 392], 3],
  [208, [659, 196], 2],
  [208, [587, 247, 294, 392], 4],
  [208, 196, 2],
  [208, [247, 294, 392], 4],
  [208, 196, 2],
  [208, [294, 247, 294, 392], 4],
  [208, [392, 196], 2],
  [208, [392, 247, 294, 392], 4],
  [208, [392, 196], 2],
  [208, [392, 247, 294, 392], 4],
  [208, [392, 196], 2],
  [208, [247, 294, 392], 3],
  [208, [392, 196], 2],
  [208, [392, 247, 294, 392], 4],
  [208, [440, 196], 2],
  [208, [494, 247, 294, 392], 4],
  [208, 196, 2],
  [208, [494, 247, 294, 392], 4],
  [208, 196, 2],
  [208, [247, 294, 392], 4],
  [208, 196, 2],
  [208, [294, 247, 294, 392], 4],
  [208, [392, 196], 2],
  [208, [392, 247, 294, 392], 4],
  [208, [392, 196], 2],
  [208, [392, 247, 294, 392], 4],
  [208, [392, 196], 2],
  [208, [247, 294, 392], 3],
  [208, [392, 196], 2],
  [208, [392, 247, 294, 392], 4],
  [208, [587, 196], 2],
  [208, [523, 247, 294, 392], 4],
  [208, 196, 2],
  [208, [494, 247, 294, 392], 4],
  [208, 196, 2],
  [208, [247, 294, 392], 4],
  [208, 196, 2],
  [208, [247, 294, 392], 3],
  [208, [370, 147], 2],
  [208, [185, 220, 294], 3],
  [208, [440, 147], 2],
  [208, [294, 185, 220, 294], 4],
  [208, 147, 2],
  [208, [185, 220, 294], 4],
  [208, 147, 2],
  [208, [185, 220, 294], 4],
  [208, 147, 2],
  [208, [185, 220, 294], 3],
  [208, [294, 147], 2],
  [208, [294, 185, 220, 294], 4],
  [208, 147, 2],
  [208, [294, 185, 220, 294], 4],
  [208, [494, 147], 2],
  [208, [440, 185, 220, 294], 4],
  [208, [392, 196], 2],
  [208, [247, 294, 392], 3],
  [208, 196, 2],
  [208, [247, 294, 392], 3],
  [208, [392, 196], 2],
  [208, [247, 294, 392], 3],
  [208, 196, 2],
  [208, [247, 294, 392], 3],
  [208, [196, 247, 294, 392], 4],
  [208, 392, 2],
  [208, [494, 392], 2],
  [416, [494, 370], 2],
  [416, 440, 2],
  [208, 392, 2],
  [208, [294, 196], 2],
  [208, [247, 294, 392], 3],
  [208, [494, 196], 2],
  [208, [440, 247, 294, 392], 4],
  [208, [392, 196], 2],
  [208, [247, 294, 392], 3],
  [208, 196, 2],
  [208, [440, 247, 294, 392], 4],
  [208, 147, 2],
  [208, [392, 185, 220, 294], 4],
  [208, [440, 147], 2],
  [208, [392, 185, 220, 294], 4],
  [208, [440, 147], 2],
  [208, [185, 220, 294], 3],
  [208, [494, 147], 2],
  [208, [185, 220, 294], 3],
  [208, [330, 165], 2],
  [208, [247, 330], 2],
  [208, [494, 165], 2],
  [208, [440, 247, 330], 3],
  [208, [392, 165], 2],
  [208, [392, 247, 330], 3],
  [208, [392, 165], 2],
  [208, [440, 247, 330], 3],
  [208, 131, 2],
  [208, [392, 165, 196, 262], 4],
  [208, [440, 131], 2],
  [208, [494, 165, 196, 262], 4],
  [208, [440, 131], 2],
  [208, [165, 196, 262], 3],
  [208, [392, 131], 2],
  [208, [165, 196, 262], 3],
  [208, [294, 196], 2],
  [208, [247, 294, 392], 3],
  [208, [494, 196], 2],
  [208, [440, 247, 294, 392], 4],
  [208, [392, 196], 2],
  [208, [247, 294, 392], 3],
  [208, 196, 2],
  [208, [440, 247, 294, 392], 4],
  [208, 147, 2],
  [208, [392, 185, 220, 294], 4],
  [208, [440, 147], 2],
  [208, [392, 185, 220, 294], 4],
  [208, [440, 147], 2],
  [208, [185, 220, 294], 3],
  [208, [494, 147], 2],
  [208, [185, 220, 294], 3],
  [208, [587, 165], 2],
  [208, [247, 330], 2],
  [208, [523, 165], 2],
  [208, [494, 247, 330], 3],
  [208, [392, 165], 2],
  [208, [392, 247, 330], 3],
  [208, [392, 165], 2],
  [208, [440, 247, 330], 3],
  [208, 131, 2],
  [208, [440, 165, 196, 262], 4],
  [208, [494, 131], 2],
  [208, [165, 196, 262], 3],
  [208, [440, 131], 2],
  [208, [165, 196, 262], 3],
  [208, [392, 131], 2],
  [208, [165, 196, 262], 3],
  [208, [440, 196], 2],
  [208, [247, 294, 392], 3],
  [208, [440, 196], 2],
  [208, [247, 294, 392], 3],
  [208, [440, 196], 2],
  [208, [494, 247, 294, 392], 4],
  [208, [294, 196], 2],
  [208, [294, 247, 294, 392], 4],
  [208, 147, 2],
  [208, [880, 185, 220, 294], 4],
  [208, 147, 2],
  [208, [880, 185, 220, 294], 4],
  [208, 147, 2],
  [208, [880, 185, 220, 294], 4],
  [208, [880, 147], 2],
  [208, [185, 220, 294], 3],
  [208, [440, 165], 2],
  [208, [247, 330], 2],
  [208, [440, 165], 2],
  [208, [247, 330], 2],
  [208, [440, 165], 2],
  [208, [494, 247, 330], 3],
  [208, [294, 165], 2],
  [208, [294, 247, 330], 3],
  [208, 131, 2],
  [208, [330, 165, 196, 262], 4],
  [208, [294, 131], 2],
  [208, [165, 196, 262], 3],
  [208, 131, 2],
  [208, [165, 196, 262], 4],
  [208, 131, 2],
  [208, [165, 196, 262], 3],
  [208, [494, 196], 2],
  [208, [247, 294, 392], 3],
  [208, [494, 196], 2],
  [208, [247, 294, 392], 3],
  [208, [494, 196], 2],
  [208, [587, 247, 294, 392], 4],
  [208, [494, 196], 2],
  [208, [440, 247, 294, 392], 4],
  [208, 147, 2],
  [208, [880, 185, 220, 294], 4],
  [208, 147, 2],
  [208, [880, 185, 220, 294], 4],
  [208, 147, 2],
  [208, [880, 185, 220, 294], 4],
  [208, [880, 147], 2],
  [208, [185, 220, 294], 3],
  [208, [440, 165], 2],
  [208, [247, 330], 2],
  [208, [440, 165], 2],
  [208, [247, 330], 2],
  [208, [440, 165], 2],
  [208, [494, 247, 330], 3],
  [208, [294, 165], 2],
  [208, [294, 247, 330], 3],
  [208, 131, 2],
  [208, [330, 165, 196, 262], 4],
  [208, [294, 131], 2],
  [208, [165, 196, 262], 3],
  [208, 131, 2],
  [208, [165, 196, 262], 4],
  [208, 131, 2],
  [208, [294, 165, 196, 262], 4],
  [208, [392, 196], 2],
  [208, [392, 247, 294, 392], 4],
  [208, [392, 196], 2],
  [208, [392, 247, 294, 392], 4],
  [208, [392, 196], 2],
  [208, [247, 294, 392], 3],
  [208, [392, 196], 2],
  [208, [392, 247, 294, 392], 4],
  [208, [440, 196], 2],
  [208, [494, 247, 294, 392], 4],
  [208, 196, 2],
  [208, [494, 247, 294, 392], 4],
  [208, 196, 2],
  [208, [247, 294, 392], 4],
  [208, 196, 2],
  [208, [247, 294, 392], 3],
  [208, [587, 196], 2],
  [208, [392, 247, 294, 392], 4],
  [208, [392, 196], 2],
  [208, [392, 247, 294, 392], 4],
  [208, [392, 196], 2],
  [208, [247, 294, 392], 3],
  [208, [392, 196], 2],
  [208, [392, 247, 294, 392], 4],
  [208, [494, 196], 2],
  [208, [440, 247, 294, 392], 4],
  [208, 196, 2],
  [208, [392, 247, 294, 392], 4],
  [208, 196, 2],
  [208, [247, 294, 392], 4],
  [208, 196, 2],
  [208, [247, 294, 392], 3],
  [208, [370, 147], 2],
  [208, [185, 220, 294], 3],
  [208, [330, 147], 2],
  [208, [294, 185, 220, 294], 4],
  [208, 147, 2],
  [208, [185, 220, 294], 4],
  [208, 147, 2],
  [208, [185, 220, 294], 4],
  [208, 147, 2],
  [208, [294, 185, 220, 294], 4],
  [208, 147, 2],
  [208, [294, 185, 220, 294], 4],
  [208, 147, 2],
  [208, [294, 185, 220, 294], 4],
  [208, [330, 147], 2],
  [208, [370, 185, 220, 294], 4],
  [208, [392, 196], 2],
  [208, [247, 294, 392], 3],
  [208, [330, 196], 2],
  [208, [294, 247, 294, 392], 4],
  [208, 196, 2],
  [208, [247, 294, 392], 4],
  [208, 196, 2],
  [208, [247, 294, 392], 3],
  [208, [784, 196], 2],
  [208, [247, 294, 392], 3],
  [208, [659, 196], 2],
  [208, [587, 247, 294, 392], 4],
  [208, 196, 2],
  [208, [247, 294, 392], 4],
  [208, 196, 2],
  [208, [294, 247, 294, 392], 4],
  [208, [392, 196], 2],
  [208, [392, 247, 294, 392], 4],
  [208, [392, 196], 2],
  [208, [392, 247, 294, 392], 4],
  [208, [392, 196], 2],
  [208, [247, 294, 392], 3],
  [208, [392, 196], 2],
  [208, [247, 294, 392], 3],
  [208, [440, 196], 2],
  [208, [494, 247, 294, 392], 4],
  [208, 196, 2],
  [208, [494, 247, 294, 392], 4],
  [208, 196, 2],
  [208, [247, 294, 392], 4],
  [208, 196, 2],
  [208, [294, 247, 294, 392], 4],
  [208, [392, 196], 2],
  [208, [392, 247, 294, 392], 4],
  [208, [392, 196], 2],
  [208, [392, 247, 294, 392], 4],
  [208, [392, 196], 2],
  [208, [247, 294, 392], 3],
  [208, [392, 196], 2],
  [208, [392, 247, 294, 392], 4],
  [208, [587, 196], 2],
  [208, [523, 247, 294, 392], 4],
  [208, 196, 2],
  [208, [494, 247, 294, 392], 4],
  [208, 196, 2],
  [208, [247, 294, 392], 4],
  [208, 196, 2],
  [208, [247, 294, 392], 3],
  [208, [370, 147], 2],
  [208, [185, 220, 294], 3],
  [208, [440, 147], 2],
  [208, [294, 185, 220, 294], 4],
  [208, 147, 2],
  [208, [185, 220, 294], 4],
  [208, 147, 2],
  [208, [185, 220, 294], 4],
  [208, 147, 2],
  [208, [185, 220, 294], 3],
  [208, [294, 147], 2],
  [208, [294, 185, 220, 294], 4],
  [208, 147, 2],
  [208, [294, 185, 220, 294], 4],
  [208, [494, 147], 2],
  [208, [440, 185, 220, 294], 4],
  [208, [392, 196], 2],
  [208, [247, 294, 392], 3],
  [208, 196, 2],
  [208, [247, 294, 392], 4],
  [208, 196, 2],
  [208, [247, 294, 392], 4],
  [208, 196, 2],
  [208, [247, 294, 392], 3],
  [208, [196, 247, 294, 392], 4],
  [208, 494, 2],
  [416, 494, 1],
  [416, 440, 2],
  [625, [294, 196], 2],
  [208, [247, 294, 392], 3],
  [208, [494, 196], 2],
  [208, [440, 247, 294, 392], 4],
  [208, [392, 196], 2],
  [208, [247, 294, 392], 3],
  [208, 196, 2],
  [208, [440, 247, 294, 392], 4],
  [208, 147, 2],
  [208, [392, 185, 220, 294], 4],
  [208, [440, 147], 2],
  [208, [392, 185, 220, 294], 4],
  [208, [440, 147], 2],
  [208, [185, 220, 294], 3],
  [208, [494, 147], 2],
  [208, [185, 220, 294], 3],
  [208, [330, 165], 2],
  [208, [247, 330], 2],
  [208, [494, 165], 2],
  [208, [440, 247, 330], 3],
  [208, [392, 165], 2],
  [208, [392, 247, 330], 3],
  [208, [392, 165], 2],
  [208, [440, 247, 330], 3],
  [208, 131, 2],
  [208, [392, 165, 196, 262], 4],
  [208, [440, 131], 2],
  [208, [494, 165, 196, 262], 4],
  [208, [440, 131], 2],
  [208, [165, 196, 262], 3],
  [208, [392, 131], 2],
  [208, [165, 196, 262], 3],
  [208, [294, 196], 2],
  [208, [247, 294, 392], 3],
  [208, [494, 196], 2],
  [208, [440, 247, 294, 392], 4],
  [208, [392, 196], 2],
  [208, [247, 294, 392], 3],
  [208, 196, 2],
  [208, [440, 247, 294, 392], 4],
  [208, 147, 2],
  [208, [392, 185, 220, 294], 4],
  [208, [440, 147], 2],
  [208, [392, 185, 220, 294], 4],
  [208, [440, 147], 2],
  [208, [185, 220, 294], 3],
  [208, [494, 147], 2],
  [208, [185, 220, 294], 3],
  [208, [587, 165], 2],
  [208, [247, 330], 2],
  [208, [523, 165], 2],
  [208, [494, 247, 330], 3],
  [208, [392, 165], 2],
  [208, [392, 247, 330], 3],
  [208, [392, 165], 2],
  [208, [440, 247, 330], 3],
  [208, 131, 2],
  [208, [440, 165, 196, 262], 4],
  [208, [494, 131], 2],
  [208, [165, 196, 262], 3],
  [208, [440, 131], 2],
  [208, [165, 196, 262], 3],
  [208, [392, 131], 2],
  [208, [165, 196, 262], 3],
  [208, [294, 196], 2],
  [208, [247, 294, 392], 3],
  [104, 494, 2],
  [104, 196, 2],
  [208, [494, 247, 294, 392], 4],
  [208, 196, 2],
  [104, 523, 2],
  [104, [247, 294, 392], 3],
  [208, [392, 196], 2],
  [208, [494, 247, 294, 392], 4],
  [208, [440, 147], 2],
  [208, [185, 220, 294], 3],
  [104, 440, 2],
  [104, 147, 2],
  [208, [440, 185, 220, 294], 4],
  [208, 147, 2],
  [104, 587, 2],
  [104, [185, 220, 294], 3],
  [208, [370, 147], 2],
  [208, [440, 185, 220, 294], 4],
  [208, [392, 165], 2],
  [208, [247, 330], 2],
  [104, 392, 2],
  [104, 165, 2],
  [208, [392, 247, 330], 4],
  [208, 165, 2],
  [104, 392, 2],
  [104, [247, 330], 2],
  [208, [330, 165], 2],
  [208, [440, 247, 330], 3],
  [208, [392, 131], 2],
  [208, [165, 196, 262], 3],
  [104, 392, 2],
  [104, 131, 2],
  [208, [392, 165, 196, 262], 4],
  [208, 131, 2],
  [104, 370, 2],
  [104, [165, 196, 262], 3],
  [208, [392, 131], 2],
  [208, [440, 165, 196, 262], 4],
  [208, [294, 196], 2],
  [208, [247, 294, 392], 3],
  [104, 494, 2],
  [104, 196, 2],
  [208, [494, 247, 294, 392], 4],
  [208, 196, 2],
  [104, 523, 2],
  [104, [247, 294, 392], 3],
  [208, [392, 196], 2],
  [208, [494, 247, 294, 392], 4],
  [208, [440, 147], 2],
  [208, [185, 220, 294], 3],
  [104, 440, 2],
  [104, 147, 2],
  [208, [440, 185, 220, 294], 4],
  [208, 147, 2],
  [104, 587, 2],
  [104, [185, 220, 294], 3],
  [208, [370, 147], 2],
  [208, [440, 185, 220, 294], 4],
  [208, [392, 165], 2],
  [208, [247, 330], 2],
  [104, 392, 2],
  [104, 165, 2],
  [208, [392, 247, 330], 4],
  [208, 165, 2],
  [104, 392, 2],
  [104, [247, 330], 2],
  [208, [330, 165], 2],
  [208, [440, 247, 330], 3],
  [208, [392, 131], 2],
  [208, [165, 196, 262], 3],
  [104, 392, 2],
  [104, 131, 2],
  [208, [392, 165, 196, 262], 4],
  [208, 131, 2],
  [104, 370, 2],
  [104, [165, 196, 262], 3],
  [208, [392, 131], 2],
  [208, [440, 165, 196, 262], 4],
  [208, [494, 196, 247, 294, 392], 4],
  [416, 494, 2],
  [208, 494, 1],
  [208, 494, 1],
  [625, 440, 2],
  [208, [147, 185, 220, 294], 4],
  [208, 440, 2],
  [208, 440, 1],
  [208, 392, 2],
  [208, 440, 2],
  [416, 494, 2],
  [416, [392, 165, 247, 330], 4],
  [416, 392, 2],
  [208, 392, 1],
  [208, 392, 1],
  [416, 392, 1],
  [208, 330, 2],
  [208, [131, 165, 196, 262], 4],
  [208, 330, 2],
  [208, 370, 2],
  [208, 370, 1],
  [208, 392, 2],
  [416, 440, 2],
  [416, [494, 196, 247, 294, 392], 4],
  [416, 494, 2],
  [208, 494, 1],
  [208, 494, 1],
  [625, 440, 2],
  [208, [147, 185, 220, 294], 4],
  [208, 440, 2],
  [208, 587, 2],
  [208, 587, 1],
  [208, 523, 2],
  [416, 494, 2],
  [416, [392, 165, 247, 330], 4],
  [416, 392, 2],
  [208, 392, 1],
  [208, 392, 1],
  [416, 392, 1],
  [208, 587, 2],
  [208, [131, 165, 196, 262], 4],
  [208, 587, 2],
  [208, 392, 2],
  [416, 392, 1],
  [416, 370, 2],
  [416, [440, 196], 2],
  [208, [247, 294, 392], 3],
  [208, [440, 196], 2],
  [208, [247, 294, 392], 3],
  [208, [440, 196], 2],
  [208, [494, 247, 294, 392], 4],
  [208, [294, 196], 2],
  [208, [294, 247, 294, 392], 4],
  [208, 147, 2],
  [208, [880, 185, 220, 294], 4],
  [208, 147, 2],
  [208, [880, 185, 220, 294], 4],
  [208, 147, 2],
  [208, [880, 185, 220, 294], 4],
  [208, [880, 147], 2],
  [208, [185, 220, 294], 3],
  [208, [440, 165], 2],
  [208, [247, 330], 2],
  [208, [440, 165], 2],
  [208, [247, 330], 2],
  [208, [440, 165], 2],
  [208, [494, 247, 330], 3],
  [208, [294, 165], 2],
  [208, [294, 247, 330], 3],
  [208, 131, 2],
  [208, [330, 165, 196, 262], 4],
  [208, [294, 131], 2],
  [208, [165, 196, 262], 3],
  [208, 131, 2],
  [208, [165, 196, 262], 4],
  [208, 131, 2],
  [208, [165, 196, 262], 3],
  [208, [494, 196], 2],
  [208, [247, 294, 392], 3],
  [208, [494, 196], 2],
  [208, [247, 294, 392], 3],
  [208, [494, 196], 2],
  [208, [587, 247, 294, 392], 4],
  [208, [494, 196], 2],
  [208, [440, 247, 294, 392], 4],
  [208, 147, 2],
  [208, [880, 185, 220, 294], 4],
  [208, 147, 2],
  [208, [880, 185, 220, 294], 4],
  [208, 147, 2],
  [208, [880, 185, 220, 294], 4],
  [208, [880, 147], 2],
  [208, [185, 220, 294], 3],
  [208, [440, 165], 2],
  [208, [247, 330], 2],
  [208, [440, 165], 2],
  [208, [247, 330], 2],
  [208, [440, 165], 2],
  [208, [494, 247, 330], 3],
  [208, [294, 165], 2],
  [208, [294, 247, 330], 3],
  [208, 131, 2],
  [208, [330, 165, 196, 262], 4],
  [208, [494, 131], 2],
  [208, [165, 196, 262], 3],
  [208, [494, 131], 2],
  [208, [165, 196, 262], 3],
  [208, [440, 131], 2],
  [208, [165, 196, 262], 3],
  [208, [294, 587, 196], 3],
  [208, [247, 294, 392], 3],
  [208, [494, 988, 196], 3],
  [208, [440, 880, 247, 294, 392], 4],
  [208, [392, 784, 196], 3],
  [208, [247, 294, 392], 3],
  [208, 196, 2],
  [208, [440, 880, 247, 294, 392], 4],
  [208, 147, 2],
  [208, [392, 784, 185, 220, 294], 4],
  [208, [440, 880, 147], 3],
  [208, [392, 784, 185, 220, 294], 4],
  [208, [440, 880, 147], 3],
  [208, [185, 220, 294], 3],
  [208, [494, 988, 147], 3],
  [208, [185, 220, 294], 3],
  [208, [330, 659, 165], 3],
  [208, [247, 330], 2],
  [208, [494, 988, 165], 3],
  [208, [440, 880, 247, 330], 4],
  [208, [392, 784, 165], 3],
  [208, [392, 784, 247, 330], 4],
  [208, [392, 784, 165], 3],
  [208, [440, 880, 247, 330], 4],
  [208, 131, 2],
  [208, [392, 784, 165, 196, 262], 4],
  [208, [440, 880, 131], 3],
  [208, [494, 988, 165, 196, 262], 4],
  [208, [440, 880, 131], 3],
  [208, [165, 196, 262], 3],
  [208, [392, 784, 131], 3],
  [208, [165, 196, 262], 3],
  [208, [294, 587, 196], 3],
  [208, [247, 294, 392], 3],
  [208, [494, 988, 196], 3],
  [208, [440, 880, 247, 294, 392], 4],
  [208, [392, 784, 196], 3],
  [208, [247, 294, 392], 3],
  [208, 196, 2],
  [208, [440, 880, 247, 294, 392], 4],
  [208, [440, 880, 147], 3],
  [208, [392, 784, 185, 220, 294], 4],
  [208, [440, 880, 147], 3],
  [208, [392, 784, 185, 220, 294], 4],
  [208, [440, 880, 147], 3],
  [208, [185, 220, 294], 3],
  [208, [494, 988, 147], 3],
  [208, [185, 220, 294], 3],
  [208, [587, 1175, 165], 3],
  [208, [247, 330], 2],
  [208, [523, 1047, 165], 3],
  [208, [494, 988, 247, 330], 4],
  [208, [392, 784, 165], 3],
  [208, [392, 784, 247, 330], 4],
  [208, [392, 784, 165], 3],
  [208, [440, 880, 247, 330], 4],
  [208, 131, 2],
  [208, [440, 880, 165, 196, 262], 4],
  [208, [494, 988, 131], 3],
  [208, [165, 196, 262], 3],
  [208, [440, 880, 131], 3],
  [208, [165, 196, 262], 3],
  [208, [392, 784, 131], 3],
  [208, [165, 196, 262], 3],
  [208, [294, 587, 196], 3],
  [208, [247, 294, 392], 3],
  [208, [494, 988, 196], 3],
  [208, [440, 880, 247, 294, 392], 4],
  [208, [392, 784, 196], 3],
  [208, [247, 294, 392], 3],
  [208, 196, 2],
  [208, [440, 880, 247, 294, 392], 4],
  [208, 147, 2],
  [208, [392, 784, 185, 220, 294], 4],
  [208, [440, 880, 147], 3],
  [208, [392, 784, 185, 220, 294], 4],
  [208, [440, 880, 147], 3],
  [208, [185, 220, 294], 3],
  [208, [494, 988, 147], 3],
  [208, [185, 220, 294], 3],
  [208, [330, 659, 165], 3],
  [208, [247, 330], 2],
  [208, [494, 988, 165], 3],
  [208, [440, 880, 247, 330], 4],
  [208, [392, 784, 165], 3],
  [208, [392, 784, 247, 330], 4],
  [208, [392, 784, 165], 3],
  [208, [440, 880, 247, 330], 4],
  [208, 131, 2],
  [208, [392, 784, 165, 196, 262], 4],
  [208, [440, 880, 131], 3],
  [208, [494, 988, 165, 196, 262], 4],
  [208, [440, 880, 131], 3],
  [208, [165, 196, 262], 3],
  [208, [392, 784, 131], 3],
  [208, [165, 196, 262], 3],
  [208, [294, 587, 196], 3],
  [208, [247, 294, 392], 3],
  [208, [494, 988, 196], 3],
  [208, [440, 880, 247, 294, 392], 4],
  [208, [392, 784, 196], 3],
  [208, [247, 294, 392], 3],
  [208, 196, 2],
  [208, [440, 880, 247, 294, 392], 4],
  [208, [440, 880, 147], 3],
  [208, [392, 784, 185, 220, 294], 4],
  [208, [440, 880, 147], 3],
  [208, [392, 784, 185, 220, 294], 4],
  [208, [440, 880, 147], 3],
  [208, [185, 220, 294], 3],
  [208, [494, 988, 147], 3],
  [208, [185, 220, 294], 3],
  [208, [587, 1175, 165], 3],
  [208, [247, 330], 2],
  [208, [523, 1047, 165], 3],
  [208, [494, 988, 247, 330], 4],
  [208, [392, 784, 165], 3],
  [208, [392, 784, 247, 330], 4],
  [208, [392, 784, 165], 3],
  [208, [440, 880, 247, 330], 4],
  [208, 131, 2],
  [208, [440, 880, 165, 196, 262], 4],
  [208, [494, 988, 131], 3],
  [208, [165, 196, 262], 3],
  [208, [440, 880, 131], 3],
  [208, [165, 196, 262], 3],
  [208, [392, 784, 131], 3],
  [208, [165, 196, 262], 3],
  [208, [196, 247, 294, 392], 4],
];
