const beatmap = [
  [1632, [330, 262, 196], 3],
  [204, [330, 262, 196], 1],
  [816, [311, 247, 185], 3],
  [612, [247, 196, 165], 3],
  [204, [247, 196, 165], 1],
  [816, [294, 247, 196], 3],
  [612, [330, 262, 196], 3],
  [204, [330, 262, 196], 1],
  [816, [311, 247, 185], 3],
  [612, [247, 196, 165], 3],
  [204, [247, 196, 165], 1],
  [816, [294, 247, 196], 3],
  [612, [330, 262, 196], 3],
  [204, [330, 262, 196], 1],
  [816, [311, 247, 185], 3],
  [612, [247, 196, 165], 3],
  [204, [247, 196, 165], 1],
  [816, [294, 247, 196], 3],
  [612, [330, 262, 196], 3],
  [204, [330, 262, 196], 1],
  [816, [311, 247, 185], 3],
  [612, [247, 196, 165], 3],
  [204, [247, 196, 165], 1],
  [816, [294, 247, 196], 3],
  [612, [330, 262, 196], 3],
  [204, [330, 262, 196], 1],
  [816, [311, 247, 185], 3],
  [612, [247, 196, 165], 3],
  [204, [247, 196, 165], 1],
  [816, [294, 247, 196], 3],
  [612, [330, 262, 196], 3],
  [204, [330, 262, 196], 1],
  [816, [311, 247, 185], 3],
  [612, [247, 196, 165], 3],
  [204, [247, 196, 165], 1],
  [1428, [165, 131, 98], 3],
  [204, 131, 2],
  [204, [165, 131, 98], 4],
  [204, 131, 2],
  [204, [156, 123, 92], 4],
  [204, 123, 2],
  [204, [156, 123, 92], 3],
  [204, [123, 98, 82], 3],
  [204, 82, 2],
  [204, [123, 98, 82], 4],
  [204, 82, 2],
  [204, [165, 147, 123, 98], 4],
  [204, 82, 2],
  [204, [123, 98, 82], 4],
  [204, 98, 2],
  [204, 123, 2],
  [204, [165, 131, 98], 4],
  [204, 131, 2],
  [204, [165, 131, 98], 4],
  [204, 131, 2],
  [204, [156, 123, 92], 4],
  [204, 123, 2],
  [204, [156, 123, 92], 3],
  [204, [123, 98, 82], 3],
  [204, 82, 2],
  [204, [123, 98, 82], 4],
  [204, 82, 2],
  [204, [165, 147, 123, 98], 4],
  [204, 82, 2],
  [204, [123, 98, 82], 4],
  [204, 98, 2],
  [204, 123, 2],
  [204, [165, 131, 98], 4],
  [204, 131, 2],
  [204, [165, 131, 98], 4],
  [204, 131, 2],
  [204, [156, 123, 92], 4],
  [204, 123, 2],
  [204, [156, 123, 92], 3],
  [204, [123, 98, 82], 3],
  [204, 82, 2],
  [204, [123, 98, 82], 4],
  [204, 82, 2],
  [204, [165, 147, 123, 98], 4],
  [204, 82, 2],
  [204, [123, 98, 82], 4],
  [204, 98, 2],
  [204, 123, 2],
  [204, [165, 131, 98], 4],
  [204, 131, 2],
  [204, [165, 131, 98], 4],
  [204, 131, 2],
  [204, [156, 123, 92], 4],
  [204, 123, 2],
  [204, [156, 123, 92], 3],
  [204, [123, 98, 82], 3],
  [204, [156, 110, 92], 3],
  [204, [156, 110, 92], 1],
  [408, [156, 110, 92], 1],
  [204, [156, 110, 92], 1],
  [408, [156, 110, 92], 1],
  [408, [165, 131, 98], 3],
  [204, 131, 2],
  [204, [165, 131, 98], 3],
  [408, [156, 123, 92], 3],
  [204, 123, 2],
  [204, [156, 123, 92], 3],
  [204, [123, 98, 82], 3],
  [204, 82, 2],
  [204, [123, 98, 82], 4],
  [204, 82, 2],
  [204, [165, 147, 123, 98], 4],
  [204, 82, 2],
  [204, [123, 98, 82], 4],
  [204, 98, 2],
  [204, 123, 2],
  [204, [165, 131, 98], 4],
  [204, 131, 2],
  [204, [165, 131, 98], 3],
  [408, [156, 123, 92], 3],
  [204, 123, 2],
  [204, [156, 123, 92], 3],
  [204, [123, 98, 82], 3],
  [204, 82, 2],
  [204, [123, 98, 82], 4],
  [204, 82, 2],
  [204, [165, 147, 123, 98], 4],
  [204, 82, 2],
  [204, [123, 98, 82], 4],
  [204, 98, 2],
  [204, 123, 2],
  [204, [165, 131, 98], 4],
  [204, 131, 2],
  [204, [165, 131, 98], 3],
  [408, [156, 123, 92], 3],
  [204, 123, 2],
  [204, [156, 123, 92], 3],
  [204, [123, 98, 82], 3],
  [204, 82, 2],
  [204, [123, 98, 82], 4],
  [204, 82, 2],
  [204, [165, 147, 123, 98], 4],
  [204, 82, 2],
  [204, [123, 98, 82], 4],
  [204, 98, 2],
  [204, 123, 2],
  [204, [165, 131, 98], 4],
  [204, 131, 2],
  [204, [165, 131, 98], 3],
  [408, [156, 123, 92], 3],
  [204, 123, 2],
  [204, [156, 123, 92], 3],
  [204, [123, 98, 82], 3],
  [408, 165, 2],
  [408, 165, 1],
  [408, 165, 1],
  [204, 165, 1],
  [408, [165, 131, 98], 3],
  [408, [165, 131, 98], 1],
  [408, [147, 123, 92], 3],
  [408, [147, 123, 92], 1],
  [204, [123, 98, 82], 3],
  [408, [123, 98, 82], 1],
  [408, 98, 2],
  [408, 98, 1],
  [408, 98, 1],
  [204, [165, 131, 98], 3],
  [408, [165, 131, 98], 1],
  [408, [147, 123, 92], 3],
  [408, [147, 123, 92], 1],
  [204, [123, 98, 82], 3],
  [408, [123, 98, 82], 1],
  [408, 98, 2],
  [204, 98, 1],
  [204, 98, 1],
  [204, 110, 2],
  [204, 123, 2],
  [204, [165, 131, 98], 4],
  [204, 131, 2],
  [204, [165, 131, 98], 4],
  [204, 123, 2],
  [204, [147, 123, 92], 3],
  [408, [147, 123, 92], 1],
  [204, [123, 98, 82], 3],
  [408, [123, 98, 82], 1],
  [408, 98, 2],
  [408, 98, 1],
  [408, 98, 1],
  [204, [165, 131, 98], 3],
  [408, [165, 131, 98], 1],
  [408, [147, 123, 92], 3],
  [204, 123, 2],
  [204, [147, 123, 92], 3],
  [204, [123, 98, 82], 3],
  [408, 82, 2],
  [408, 82, 1],
  [408, [196, 98], 2],
  [204, [185, 92], 2],
  [204, [123, 62], 2],
  [204, [131, 65], 2],
  [204, [131, 65], 1],
  [408, [131, 65], 1],
  [408, [123, 62], 2],
  [408, [123, 62], 1],
  [204, [131, 65], 2],
  [204, [131, 65], 1],
  [408, [131, 65], 1],
  [408, [196, 98], 2],
  [102, [196, 98], 1],
  [102, [185, 92], 2],
  [204, [123, 62], 2],
  [204, [131, 65], 2],
  [204, [131, 65], 1],
  [408, [131, 65], 1],
  [408, [123, 62], 2],
  [102, [123, 62], 1],
  [102, [123, 62], 1],
  [204, [123, 62], 1],
  [204, [131, 65], 2],
  [204, [131, 65], 1],
  [408, [131, 65], 1],
  [408, [196, 98], 2],
  [102, [196, 98], 1],
  [102, [185, 92], 2],
  [204, [123, 62], 2],
  [204, [131, 65], 2],
  [204, [131, 65], 1],
  [408, [131, 65], 1],
  [408, [123, 62], 2],
  [204, [131, 65], 2],
  [204, [123, 62], 2],
  [204, [131, 65], 2],
  [204, [131, 65], 1],
  [408, [131, 65], 1],
  [408, [196, 98], 2],
  [102, [196, 98], 1],
  [102, [185, 92], 2],
  [204, [123, 62], 2],
  [204, [123, 62], 1],
  [204, [123, 62], 1],
  [408, [123, 62], 1],
  [408, [123, 62], 1],
  [204, [123, 62], 1],
  [204, [123, 62], 1],
  [408, [123, 62], 1],
  [408, [123, 62], 1],
  [408, [123, 62], 1],
  [204, [123, 62], 1],
  [408, 262, 2],
  [204, 247, 2],
  [204, 262, 2],
  [204, 247, 2],
  [204, 247, 1],
  [408, 247, 1],
  [204, 165, 2],
  [408, 165, 1],
  [408, 196, 2],
  [204, 165, 2],
  [204, [123, 98, 82], 4],
  [204, 98, 2],
  [204, 123, 2],
  [204, [165, 131, 98], 4],
  [204, 123, 2],
  [204, [165, 131, 98], 4],
  [204, 123, 2],
  [204, [156, 123, 92], 3],
  [408, [156, 123, 92], 1],
  [204, [123, 98, 82], 3],
  [204, 82, 2],
  [204, [123, 98, 82], 4],
  [204, 82, 2],
  [204, [165, 147, 123, 98], 4],
  [204, 82, 2],
  [204, [123, 98, 82], 4],
  [204, 98, 2],
  [204, 123, 2],
  [204, [165, 131, 98], 4],
  [204, 123, 2],
  [204, [165, 131, 98], 4],
  [204, 123, 2],
  [204, [156, 123, 92], 3],
  [408, [156, 123, 92], 1],
  [204, [123, 98, 82], 3],
  [204, 82, 2],
  [204, [123, 98, 82], 4],
  [204, 82, 2],
  [204, [165, 147, 123, 98], 4],
  [204, 82, 2],
  [204, [123, 98, 82], 4],
  [204, 98, 2],
  [204, 123, 2],
  [204, [165, 131, 98], 4],
  [204, 123, 2],
  [204, [165, 131, 98], 4],
  [204, 123, 2],
  [204, [156, 123, 92], 3],
  [408, [156, 123, 92], 1],
  [204, 123, 2],
  [204, [156, 110, 92], 3],
  [1632, [165, 131, 98], 3],
  [204, 131, 2],
  [204, [165, 131, 98], 4],
  [204, 131, 2],
  [204, [156, 123, 92], 4],
  [204, 123, 2],
  [204, [156, 123, 92], 3],
  [204, [123, 98, 82], 3],
  [204, 82, 2],
  [204, [123, 98, 82], 4],
  [204, 82, 2],
  [204, [165, 147, 123, 98], 4],
  [204, 82, 2],
  [204, [123, 98, 82], 4],
  [204, 98, 2],
  [204, 123, 2],
  [204, [165, 131, 98], 4],
  [204, 131, 2],
  [204, [165, 131, 98], 4],
  [204, 131, 2],
  [204, [156, 123, 92], 4],
  [204, 123, 2],
  [204, [156, 123, 92], 3],
  [204, [123, 98, 82], 3],
  [204, 82, 2],
  [204, [123, 98, 82], 4],
  [204, 82, 2],
  [204, [165, 147, 123, 98], 4],
  [204, 82, 2],
  [204, [123, 98, 82], 4],
  [204, 98, 2],
  [204, 123, 2],
  [204, [165, 131, 98], 4],
  [204, 131, 2],
  [204, [165, 131, 98], 4],
  [204, 131, 2],
  [204, [156, 123, 92], 4],
  [204, 123, 2],
  [204, [156, 123, 92], 3],
  [204, [123, 98, 82], 3],
  [204, 82, 2],
  [204, [123, 98, 82], 4],
  [204, 82, 2],
  [204, [165, 147, 123, 98], 4],
  [204, 82, 2],
  [204, [123, 98, 82], 4],
  [204, 98, 2],
  [204, 123, 2],
  [204, [165, 131, 98], 4],
  [204, 131, 2],
  [204, [165, 131, 98], 4],
  [204, 131, 2],
  [204, [156, 123, 92], 4],
  [204, 123, 2],
  [204, [156, 123, 92], 4],
  [204, 123, 2],
  [204, [156, 110, 92], 3],
  [204, [156, 110, 92], 1],
  [408, [156, 110, 92], 1],
  [204, [156, 110, 92], 1],
  [408, [156, 110, 92], 1],
  [408, [165, 131, 98], 3],
  [204, 131, 2],
  [204, [165, 131, 98], 3],
  [408, [156, 123, 92], 3],
  [204, 123, 2],
  [204, [156, 123, 92], 3],
  [204, [123, 98, 82], 3],
  [204, 82, 2],
  [204, [123, 98, 82], 4],
  [204, 82, 2],
  [204, [165, 147, 123, 98], 4],
  [204, 82, 2],
  [204, [123, 98, 82], 4],
  [204, 98, 2],
  [204, 123, 2],
  [204, [165, 131, 98], 4],
  [204, 131, 2],
  [204, [165, 131, 98], 3],
  [408, [156, 123, 92], 3],
  [204, 123, 2],
  [204, [156, 123, 92], 3],
  [204, [123, 98, 82], 3],
  [204, 82, 2],
  [204, [123, 98, 82], 4],
  [204, 82, 2],
  [204, [165, 147, 123, 98], 4],
  [204, 82, 2],
  [204, [123, 98, 82], 4],
  [204, 98, 2],
  [204, 123, 2],
  [204, [165, 131, 98], 4],
  [204, 131, 2],
  [204, [165, 131, 98], 3],
  [408, [156, 123, 92], 3],
  [204, 123, 2],
  [204, [156, 123, 92], 3],
  [204, [123, 98, 82], 3],
  [204, 82, 2],
  [204, [123, 98, 82], 4],
  [204, 82, 2],
  [204, [165, 147, 123, 98], 4],
  [204, 82, 2],
  [204, [123, 98, 82], 4],
  [204, 98, 2],
  [204, 123, 2],
  [204, [165, 131, 98], 4],
  [204, 131, 2],
  [204, [165, 131, 98], 3],
  [408, [156, 123, 92], 3],
  [204, 123, 2],
  [204, [156, 123, 92], 3],
  [204, [123, 98, 82], 3],
  [408, 165, 2],
  [408, 165, 1],
  [408, 165, 1],
  [204, 165, 1],
  [408, 131, 2],
  [408, 131, 1],
  [204, 117, 2],
  [204, 123, 2],
  [408, 123, 1],
  [204, 82, 2],
  [408, 165, 2],
  [408, 165, 1],
  [408, 123, 2],
  [204, 131, 2],
  [204, 123, 2],
  [204, [165, 131, 98], 3],
  [408, [165, 131, 98], 1],
  [408, [147, 123, 92], 3],
  [408, [147, 123, 92], 1],
  [204, [123, 98, 82], 3],
  [408, [123, 98, 82], 1],
  [408, 98, 2],
  [204, 98, 1],
  [204, 98, 1],
  [204, 110, 2],
  [204, 123, 2],
  [204, [165, 131, 98], 4],
  [204, 131, 2],
  [204, [165, 131, 98], 4],
  [204, 123, 2],
  [204, [147, 123, 92], 3],
  [408, [147, 123, 92], 1],
  [204, [123, 98, 82], 3],
  [408, [123, 98, 82], 1],
  [408, 98, 2],
  [408, 98, 1],
  [408, 98, 1],
  [204, [165, 131, 98], 3],
  [408, [165, 131, 98], 1],
  [408, [147, 123, 92], 3],
  [204, 123, 2],
  [204, [147, 123, 92], 3],
  [204, [123, 98, 82], 3],
  [408, 82, 2],
  [408, 82, 1],
  [408, 196, 2],
  [204, 185, 2],
  [204, 123, 2],
  [204, 65, 2],
  [204, 65, 1],
  [408, 65, 1],
  [408, 62, 2],
  [408, 62, 1],
  [204, 65, 2],
  [204, 65, 1],
  [408, 65, 1],
  [408, 98, 2],
  [102, 98, 1],
  [102, 92, 2],
  [204, 62, 2],
  [204, 65, 2],
  [204, 65, 1],
  [408, 65, 1],
  [408, 62, 2],
  [102, 62, 1],
  [102, 62, 1],
  [204, 62, 1],
  [204, 65, 2],
  [204, 65, 1],
  [408, 65, 1],
  [408, 98, 2],
  [102, 98, 1],
  [102, 92, 2],
  [204, 62, 2],
  [204, 65, 2],
  [204, 65, 1],
  [408, 65, 1],
  [408, 62, 2],
  [204, 65, 2],
  [204, 62, 2],
  [204, 65, 2],
  [204, 65, 1],
  [408, 65, 1],
  [408, 98, 2],
  [102, 98, 1],
  [102, 92, 2],
  [204, 62, 2],
  [204, 65, 2],
  [204, 65, 1],
  [408, 65, 1],
  [408, 62, 2],
  [408, 62, 1],
  [204, 65, 2],
  [204, 65, 1],
  [408, 65, 1],
  [408, 98, 2],
  [102, 98, 1],
  [102, 92, 2],
  [204, 62, 2],
  [204, 65, 2],
  [204, 65, 1],
  [204, 123, 2],
  [204, 131, 2],
  [408, 123, 2],
  [204, 123, 1],
  [204, 131, 2],
  [204, 65, 2],
  [204, 65, 1],
  [204, 123, 2],
  [204, 123, 1],
  [612, 117, 2],
  [204, 58, 2],
  [204, 41, 2],
  [204, 41, 1],
  [204, 92, 2],
  [204, 92, 1],
  [408, 92, 1],
  [204, 92, 1],
  [204, 41, 2],
  [204, 41, 1],
  [204, 41, 1],
  [204, 92, 2],
  [204, 92, 1],
  [408, 92, 1],
  [102, 92, 1],
  [102, 92, 1],
  [204, 41, 2],
  [204, 65, 2],
  [204, 65, 1],
  [204, 123, 2],
  [204, 131, 2],
  [408, 123, 2],
  [204, 123, 1],
  [204, 131, 2],
  [204, 65, 2],
  [204, 65, 1],
  [204, 123, 2],
  [204, 123, 1],
  [612, 117, 2],
  [204, 58, 2],
  [204, 41, 2],
  [204, 41, 1],
  [204, 92, 2],
  [204, 92, 1],
  [408, 92, 1],
  [204, 92, 1],
  [204, [123, 62], 2],
  [408, [123, 62], 1],
  [408, [123, 62], 1],
  [408, [123, 62], 1],
  [204, [123, 62], 1],
  [408, [165, 131, 98], 3],
  [204, 131, 2],
  [204, [165, 131, 98], 4],
  [204, 131, 2],
  [204, [156, 123, 92], 4],
  [204, 123, 2],
  [204, [156, 123, 92], 3],
  [204, [123, 98, 82], 3],
  [204, 82, 2],
  [204, [123, 98, 82], 4],
  [204, 82, 2],
  [204, [165, 147, 123, 98], 4],
  [204, 82, 2],
  [204, [123, 98, 82], 4],
  [204, 98, 2],
  [204, 123, 2],
  [204, [165, 131, 98], 4],
  [204, 131, 2],
  [204, [165, 131, 98], 4],
  [204, 131, 2],
  [204, [156, 123, 92], 4],
  [204, 123, 2],
  [204, [156, 123, 92], 3],
  [204, [123, 98, 82], 3],
  [204, 82, 2],
  [204, [123, 98, 82], 4],
  [204, 82, 2],
  [204, [165, 147, 123, 98], 4],
  [204, 82, 2],
  [204, [123, 98, 82], 4],
  [204, 98, 2],
  [204, 123, 2],
  [204, [165, 131, 98], 4],
  [204, 131, 2],
  [204, [165, 131, 98], 4],
  [204, 131, 2],
  [204, [156, 123, 92], 4],
  [204, 123, 2],
  [204, [156, 123, 92], 3],
  [204, [123, 98, 82], 3],
  [204, 82, 2],
  [204, [123, 98, 82], 4],
  [204, 82, 2],
  [204, [165, 147, 123, 98], 4],
  [204, 82, 2],
  [204, [123, 98, 82], 4],
  [204, 98, 2],
  [204, 123, 2],
  [204, [165, 131, 98], 4],
  [204, 131, 2],
  [204, [165, 131, 98], 4],
  [204, 131, 2],
  [204, [156, 123, 92], 4],
  [204, 123, 2],
  [204, [156, 123, 92], 4],
  [204, 123, 2],
  [204, [156, 110, 92], 3],
  [204, [156, 110, 92], 1],
  [408, [156, 110, 92], 1],
  [204, [156, 110, 92], 1],
  [408, [156, 110, 92], 1],
  [408, [165, 131, 98], 3],
  [204, 131, 2],
  [204, [165, 131, 98], 3],
  [408, [156, 123, 92], 3],
  [204, 123, 2],
  [204, [156, 123, 92], 3],
  [204, [123, 98, 82], 3],
  [204, 82, 2],
  [204, [123, 98, 82], 4],
  [204, 82, 2],
  [204, [165, 147, 123, 98], 4],
  [204, 82, 2],
  [204, [123, 98, 82], 4],
  [204, 98, 2],
  [204, 123, 2],
  [204, [165, 131, 98], 4],
  [204, 131, 2],
  [204, [165, 131, 98], 3],
  [408, [156, 123, 92], 3],
  [204, 123, 2],
  [204, [156, 123, 92], 3],
  [204, [123, 98, 82], 3],
  [204, 82, 2],
  [204, [123, 98, 82], 4],
  [204, 82, 2],
  [204, [165, 147, 123, 98], 4],
  [204, 82, 2],
  [204, [123, 98, 82], 4],
  [204, 98, 2],
  [204, 123, 2],
  [204, [165, 131, 98], 4],
  [204, 131, 2],
  [204, [165, 131, 98], 3],
  [408, [156, 123, 92], 3],
  [204, 123, 2],
  [204, [156, 123, 92], 3],
  [204, [123, 98, 82], 3],
  [204, 82, 2],
  [204, [123, 98, 82], 4],
  [204, 82, 2],
  [204, [165, 147, 123, 98], 4],
  [204, 82, 2],
  [204, [123, 98, 82], 4],
  [204, 98, 2],
  [204, 123, 2],
  [204, [165, 131, 98], 4],
  [204, 131, 2],
  [204, [165, 131, 98], 3],
  [408, [156, 123, 92], 3],
  [204, 123, 2],
  [204, [156, 123, 92], 3],
  [204, [156, 110, 92], 3],
  [408, [156, 110, 92], 1],
  [408, [156, 110, 92], 1],
  [408, [156, 110, 92], 1],
  [204, [156, 110, 92], 1],
  [408, [165, 123, 82], 3],
  [204, [165, 123, 82], 1],
  [1428, [165, 123, 82], 1],
  [204, [165, 123, 82], 1],
  [1428, [165, 123, 82], 1],
  [204, [165, 123, 82], 1],
  [204, 82, 2],
  [204, 82, 1],
  [204, 82, 1],
  [204, 82, 1],
  [204, 82, 1],
  [204, 82, 1],
  [204, [165, 123, 82], 3],
  [204, [165, 123, 82], 1],
  [204, 82, 2],
  [204, 82, 1],
  [204, 82, 1],
  [204, [123, 82], 2],
  [204, [123, 82], 1],
  [204, [131, 82], 2],
  [204, [165, 123, 82], 3],
  [204, [165, 123, 82], 1],
  [204, 82, 2],
  [204, 82, 1],
  [204, 82, 1],
  [204, 82, 1],
  [204, 82, 1],
  [204, 82, 1],
  [204, [165, 123, 82], 3],
  [204, [165, 123, 82], 1],
  [204, 82, 2],
  [204, 82, 1],
  [204, 82, 1],
  [204, 82, 1],
  [204, 82, 1],
  [204, 82, 1],
  [204, [165, 123, 82], 3],
  [204, [165, 123, 82], 1],
  [204, 82, 2],
  [204, 82, 1],
  [204, 82, 1],
  [204, 82, 1],
  [204, 82, 1],
  [204, 82, 1],
  [204, [165, 123, 82], 3],
  [204, [165, 123, 82], 1],
  [204, 82, 2],
  [204, 82, 1],
  [204, 82, 1],
  [204, 82, 1],
  [204, 82, 1],
  [204, 82, 1],
  [204, [165, 123, 82], 3],
  [204, [165, 123, 82], 1],
  [204, 82, 2],
  [204, 82, 1],
  [204, [165, 123, 82], 3],
  [204, [165, 123, 82], 1],
  [204, 82, 2],
  [204, 82, 1],
  [204, [165, 123, 82], 3],
  [204, [165, 123, 82], 1],
  [204, 82, 2],
  [204, 82, 1],
  [204, [165, 123, 82], 3],
  [204, [165, 123, 82], 1],
  [204, 82, 2],
  [204, 82, 1],
  [204, [165, 123, 82], 3],
  [204, [165, 123, 82], 1],
  [204, 82, 2],
  [204, 82, 1],
  [204, [165, 123, 82], 3],
  [204, [165, 123, 82], 1],
  [204, 82, 2],
  [204, 82, 1],
  [204, [165, 123, 82], 3],
  [204, [165, 123, 82], 1],
  [204, 82, 2],
  [204, 82, 1],
  [204, [165, 123, 82], 3],
  [204, [165, 123, 82], 1],
  [204, 82, 2],
  [204, 82, 1],
  [204, [165, 123, 82], 3],
  [204, [165, 123, 82], 1],
  [204, [165, 123, 82], 1],
  [204, [165, 123, 82], 1],
  [204, [165, 123, 82], 1],
  [204, [165, 123, 82], 1],
  [204, [165, 123, 82], 1],
  [204, [165, 123, 82], 1],
  [204, [196, 147, 98], 3],
  [204, [196, 147, 98], 1],
  [204, [196, 147, 98], 1],
  [204, [196, 147, 98], 1],
  [204, [196, 147, 98], 1],
  [204, [196, 147, 98], 1],
  [204, [196, 147, 98], 1],
  [204, [196, 147, 98], 1],
  [204, [220, 165, 110], 3],
  [204, [220, 165, 110], 1],
  [204, [220, 165, 110], 1],
  [204, [220, 165, 110], 1],
  [204, [220, 165, 110], 1],
  [204, [220, 165, 110], 1],
  [204, [220, 165, 110], 1],
  [204, [247, 185, 156, 123], 4],
  [408, [247, 185, 156, 123], 1],
  [408, [247, 185, 156, 123], 1],
  [408, [247, 185, 156, 123], 1],
  [204, [247, 185, 156, 123], 1],
  [3673, [175, 139, 104], 3],
  [204, 131, 2],
  [204, [175, 139, 104], 4],
  [204, 131, 2],
  [204, [165, 131, 98], 3],
  [408, [165, 131, 98], 1],
  [204, [131, 104, 87], 3],
  [204, 87, 2],
  [204, [131, 104, 87], 4],
  [204, 87, 2],
  [204, [175, 156, 131, 104], 4],
  [204, 87, 2],
  [204, [131, 104, 87], 4],
  [204, 104, 2],
  [204, 131, 2],
  [204, [175, 139, 104], 4],
  [204, 131, 2],
  [204, [175, 139, 104], 4],
  [204, 131, 2],
  [204, [165, 131, 98], 3],
  [408, [165, 131, 98], 1],
  [204, [131, 104, 87], 3],
  [204, 87, 2],
  [204, [131, 104, 87], 4],
  [204, 87, 2],
  [204, [175, 156, 131, 104], 4],
  [204, 87, 2],
  [204, [131, 104, 87], 4],
  [204, 104, 2],
  [204, 131, 2],
  [204, [175, 139, 104], 4],
  [204, 131, 2],
  [204, [175, 139, 104], 4],
  [204, 131, 2],
  [204, [165, 131, 98], 3],
  [408, [165, 131, 98], 1],
  [204, [131, 104, 87], 3],
  [204, 87, 2],
  [204, [131, 104, 87], 4],
  [204, 87, 2],
  [204, [175, 156, 131, 104], 4],
  [204, 87, 2],
  [204, [131, 104, 87], 4],
  [204, 104, 2],
  [204, 131, 2],
  [204, [175, 139, 104], 4],
  [204, 131, 2],
  [204, [175, 139, 104], 4],
  [204, 131, 2],
  [204, [165, 131, 98], 3],
  [408, [165, 131, 98], 1],
  [204, 131, 2],
  [204, [165, 117, 98], 4],
  [204, 117, 2],
  [204, [165, 117, 98], 4],
  [204, 117, 2],
  [204, [165, 117, 98], 4],
  [204, 117, 2],
  [204, [165, 117, 98], 4],
  [204, 131, 2],
  [204, 139, 2],
  [408, [175, 139, 104], 4],
  [204, 139, 2],
  [204, [165, 131, 98], 4],
  [204, 131, 2],
  [204, [165, 131, 98], 3],
  [204, [131, 104, 87], 3],
  [204, 87, 2],
  [204, [131, 104, 87], 4],
  [204, 87, 2],
  [204, [175, 156, 131, 104], 4],
  [204, 87, 2],
  [204, [131, 104, 87], 4],
  [204, 104, 2],
  [204, 131, 2],
  [204, [175, 139, 104], 4],
  [204, 139, 2],
  [204, [175, 139, 104], 4],
  [204, 139, 2],
  [204, [165, 131, 98], 4],
  [204, 131, 2],
  [204, [165, 131, 98], 3],
  [204, [131, 104, 87], 3],
  [204, 87, 2],
  [204, [131, 104, 87], 4],
  [204, 87, 2],
  [204, [175, 156, 131, 104], 4],
  [204, 87, 2],
  [204, [131, 104, 87], 4],
  [204, 104, 2],
  [204, 131, 2],
  [204, [175, 139, 104], 4],
  [204, 139, 2],
  [204, [175, 139, 104], 4],
  [204, 139, 2],
  [204, [165, 131, 98], 4],
  [204, 131, 2],
  [204, [165, 131, 98], 3],
  [204, [131, 104, 87], 3],
  [204, 87, 2],
  [204, [131, 104, 87], 4],
  [204, 87, 2],
  [204, [175, 156, 131, 104], 4],
  [204, 87, 2],
  [204, [131, 104, 87], 4],
  [204, 104, 2],
  [204, 131, 2],
  [204, [175, 139, 104], 4],
  [204, 139, 2],
  [204, [175, 139, 104], 4],
  [204, 139, 2],
  [204, [165, 131, 98], 4],
  [204, 131, 2],
  [204, [165, 131, 98], 4],
  [204, 131, 2],
  [204, [165, 117, 98], 3],
  [204, [165, 117, 98], 1],
  [408, [165, 117, 98], 1],
  [204, [165, 117, 98], 1],
  [408, [165, 117, 98], 1],
  [408, [175, 139, 104], 3],
  [816, [165, 131, 98], 3],
  [816, [131, 104, 87], 3],
  [816, [156, 131, 104], 3],
  [816, [175, 139, 104], 3],
  [816, [165, 131, 98], 3],
  [816, [131, 104, 87], 3],
  [816, [156, 131, 104], 3],
  [306, 104, 2],
  [102, 104, 1],
  [204, 104, 1],
  [204, [175, 139, 104], 4],
  [204, 139, 2],
  [204, [175, 139, 104], 4],
  [204, 175, 2],
  [204, [165, 131, 98], 4],
  [204, 131, 2],
  [204, [165, 131, 98], 3],
  [204, [131, 104, 87], 3],
  [204, 87, 2],
  [204, [131, 104, 87], 4],
  [204, 87, 2],
  [204, [175, 156, 131, 104], 4],
  [204, 87, 2],
  [204, [131, 104, 87], 4],
  [204, 104, 2],
  [204, 131, 2],
  [204, [175, 139, 104], 4],
  [204, 139, 2],
  [204, [175, 139, 104], 4],
  [204, 175, 2],
  [204, [165, 131, 98], 4],
  [204, 131, 2],
  [204, [165, 131, 98], 3],
  [204, [131, 104, 87], 3],
];
