const beatmap = [
  [1428, 659, 1],
  [102, 880, 2],
  [102, 988, 2],
  [408, 659, 2],
  [408, 740, 2],
  [408, 988, 2],
  [204, 659, 2],
  [408, 1175, 2],
  [1428, 988, 2],
  [408, 659, 2],
  [408, 740, 2],
  [408, 659, 2],
  [204, 494, 2],
  [1836, 494, 1],
  [204, 440, 2],
  [204, 494, 2],
  [204, 659, 2],
  [204, 740, 2],
  [408, 494, 2],
  [204, 659, 2],
  [204, 740, 2],
  [408, 494, 2],
  [204, 740, 2],
  [204, 784, 2],
  [408, 494, 2],
  [204, 988, 2],
  [204, 880, 2],
  [408, 784, 2],
  [408, 740, 2],
  [306, 784, 2],
  [51, 740, 2],
  [51, 659, 2],
  [204, 1175, 2],
  [408, 1175, 1],
  [204, 1175, 1],
  [204, 1175, 1],
  [408, 988, 2],
  [204, 988, 1],
  [408, 494, 2],
  [204, 440, 2],
  [204, 494, 2],
  [204, 659, 2],
  [204, 740, 2],
  [408, 494, 2],
  [204, 659, 2],
  [204, 740, 2],
  [408, 494, 2],
  [204, 740, 2],
  [204, 784, 2],
  [408, 1175, 2],
  [204, 988, 2],
  [408, 988, 1],
  [204, 880, 2],
  [408, 784, 2],
  [204, 740, 2],
  [408, 659, 2],
  [204, 740, 2],
  [408, 740, 1],
  [408, 740, 1],
  [204, 659, 2],
  [204, 659, 1],
  [408, [988, 494], 2],
  [204, [880, 440], 2],
  [204, [988, 494], 2],
  [204, [1319, 659], 2],
  [204, [1480, 740], 2],
  [408, [988, 494], 2],
  [204, [1319, 659], 2],
  [204, [1480, 740], 2],
  [408, [988, 494], 2],
  [204, [1480, 740], 2],
  [204, [1568, 784], 2],
  [408, [988, 494], 2],
  [204, [1976, 988], 2],
  [204, [1760, 880], 2],
  [408, [1568, 784], 2],
  [408, [1480, 740], 2],
  [306, [1568, 784], 2],
  [51, [1480, 740], 2],
  [51, [1319, 659], 2],
  [204, [2349, 1175], 2],
  [408, [2349, 1175], 1],
  [204, [2349, 1175], 1],
  [204, [2349, 1175], 1],
  [408, [1976, 988], 2],
  [204, [1976, 988], 1],
  [408, [988, 494], 2],
  [204, [880, 440], 2],
  [204, [988, 494], 2],
  [204, [1319, 659], 2],
  [204, [1480, 740], 2],
  [408, [988, 494], 2],
  [204, [1319, 659], 2],
  [204, [1480, 740], 2],
  [408, [988, 494], 2],
  [204, [2349, 1175], 2],
  [204, [2349, 1175], 1],
  [408, [2349, 1175], 1],
  [204, [1976, 988], 2],
  [408, [1976, 988], 1],
  [204, [1760, 880], 2],
  [408, [1568, 784], 2],
  [204, [1480, 740], 2],
  [408, [1319, 659], 2],
  [204, [1480, 740], 2],
  [204, [1480, 740], 1],
  [204, [1480, 740], 1],
  [204, [1319, 659], 2],
  [204, [1480, 740], 2],
  [408, [1568, 784], 2],
  [408, [1319, 988, 659], 3],
  [408, 659, 2],
  [408, 740, 2],
  [408, 988, 2],
  [204, 659, 2],
  [408, 1175, 2],
  [408, 587, 2],
  [204, 554, 2],
  [204, 587, 2],
  [204, 554, 2],
  [204, 494, 2],
  [204, 988, 2],
  [408, 659, 2],
  [408, 740, 2],
  [408, 988, 2],
  [204, 659, 2],
  [408, 494, 2],
  [408, 494, 1],
  [204, 466, 2],
  [204, 494, 2],
  [204, 466, 2],
  [204, 440, 2],
  [204, 988, 2],
  [408, 659, 2],
  [408, 740, 2],
  [408, 988, 2],
  [204, 659, 2],
  [408, 1175, 2],
  [408, 587, 2],
  [204, 554, 2],
  [204, 587, 2],
  [204, 554, 2],
  [204, 494, 2],
  [204, 988, 2],
  [408, 659, 2],
  [408, 740, 2],
  [408, 659, 2],
  [204, 494, 2],
  [1836, 494, 1],
  [408, 494, 1],
  [204, 587, 2],
  [204, 587, 1],
  [1428, 587, 1],
  [204, 587, 1],
  [204, 587, 1],
  [204, 659, 2],
  [204, 587, 2],
  [204, 494, 2],
  [408, 494, 1],
  [408, 494, 1],
  [204, 587, 2],
  [408, 440, 2],
  [204, 440, 1],
  [204, 440, 1],
  [408, 494, 2],
  [204, 466, 2],
  [204, 494, 2],
  [204, 466, 2],
  [204, 440, 2],
  [204, 494, 2],
  [204, 494, 1],
  [204, 494, 1],
  [204, 587, 2],
  [204, 587, 1],
  [1428, 587, 1],
  [204, 587, 1],
  [204, 587, 1],
  [204, 659, 2],
  [204, 587, 2],
  [204, 659, 2],
  [408, 659, 1],
  [204, 587, 2],
  [204, 659, 2],
  [204, 587, 2],
  [408, 659, 2],
  [408, 988, 2],
  [408, 659, 2],
  [612, 740, 2],
  [204, 784, 2],
  [612, 740, 2],
  [204, 740, 1],
  [612, 659, 2],
  [204, 988, 2],
  [612, 740, 2],
  [204, 740, 1],
  [408, 659, 2],
  [408, 988, 2],
  [612, 740, 2],
  [102, 740, 1],
  [102, 740, 1],
  [612, 659, 2],
  [204, 659, 1],
  [408, 740, 2],
  [204, 740, 1],
  [816, 494, 2],
  [204, 494, 1],
  [612, 740, 2],
  [204, 740, 1],
  [612, 659, 2],
  [204, 988, 2],
  [612, 740, 2],
  [204, 740, 1],
  [612, 659, 2],
  [204, 988, 2],
  [612, 740, 2],
  [204, 740, 1],
  [612, 494, 2],
  [204, 740, 2],
  [408, 740, 1],
  [408, 740, 1],
  [408, 784, 2],
  [204, 740, 2],
  [408, 988, 2],
  [204, 880, 2],
  [204, 988, 2],
  [204, 1319, 2],
  [204, 1480, 2],
  [408, 988, 2],
  [204, 1319, 2],
  [204, 1480, 2],
  [408, 988, 2],
  [204, 1480, 2],
  [204, 1568, 2],
  [408, [988, 494], 2],
  [204, [1976, 988], 2],
  [204, [1760, 880], 2],
  [408, [1568, 784], 2],
  [408, [1480, 740], 2],
  [306, [1568, 784], 2],
  [51, [1480, 740], 2],
  [51, [1319, 659], 2],
  [204, [2349, 1175], 2],
  [408, [2349, 1175], 1],
  [204, [2349, 1175], 1],
  [204, [2349, 1175], 1],
  [408, [1976, 988], 2],
  [204, [1976, 988], 1],
  [408, [988, 494], 2],
  [204, [880, 440], 2],
  [204, [988, 494], 2],
  [204, [1319, 659], 2],
  [204, [1480, 740], 2],
  [408, [988, 494], 2],
  [204, [1319, 659], 2],
  [204, [1480, 740], 2],
  [408, [988, 494], 2],
  [204, [2349, 1175], 2],
  [204, [2349, 1175], 1],
  [408, [2349, 1175], 1],
  [204, [1976, 988], 2],
  [408, [1976, 988], 1],
  [204, [1760, 880], 2],
  [408, [1568, 784], 2],
  [204, [1480, 740], 2],
  [408, [1319, 659], 2],
  [204, [1480, 740], 2],
  [408, 1480, 2],
  [408, 1480, 1],
  [204, 1319, 2],
  [204, 1319, 1],
  [204, 1480, 2],
  [204, [1976, 988], 2],
  [204, [988, 494], 2],
  [204, [1976, 988], 2],
  [204, [1760, 880], 2],
  [204, [1760, 880], 1],
  [408, [1568, 784], 2],
  [204, [1480, 740], 2],
  [204, [1480, 740], 1],
  [204, [1568, 784], 2],
  [204, [1480, 740], 2],
  [204, [1319, 659], 2],
  [204, [988, 494], 2],
  [408, [988, 494], 1],
  [204, [1976, 988], 2],
  [204, [1760, 880], 2],
  [408, [1568, 784], 2],
  [408, [1480, 740], 2],
  [306, [1568, 784], 2],
  [51, [1480, 740], 2],
  [51, [1319, 659], 2],
  [204, [2349, 1175], 2],
  [408, [2349, 1175], 1],
  [204, [2349, 1175], 1],
  [204, [2349, 1175], 1],
  [408, [1976, 988], 2],
  [204, [1976, 988], 1],
  [408, [988, 494], 2],
  [204, [880, 440], 2],
  [204, [988, 494], 2],
  [204, [1319, 659], 2],
  [204, [1480, 740], 2],
  [408, [988, 494], 2],
  [204, [1319, 659], 2],
  [204, [1480, 740], 2],
  [408, [988, 494], 2],
  [204, [2349, 1175], 2],
  [204, [2349, 1175], 1],
  [408, [2349, 1175], 1],
  [204, [1976, 988], 2],
  [408, [1976, 988], 1],
  [204, [1760, 880], 2],
  [408, [1568, 784], 2],
  [204, [1480, 740], 2],
  [408, [1319, 659], 2],
  [204, [1480, 740], 2],
  [204, [1480, 740], 1],
  [204, [1480, 740], 1],
  [204, [1319, 659], 2],
  [204, [1480, 740], 2],
  [408, [1568, 784], 2],
  [408, [1319, 988, 659], 3],
  [408, 659, 2],
  [408, 740, 2],
  [408, 988, 2],
  [204, 659, 2],
  [408, 1175, 2],
  [408, 587, 2],
  [204, 554, 2],
  [204, 587, 2],
  [204, 554, 2],
  [204, 494, 2],
  [204, 988, 2],
  [408, 659, 2],
  [408, 740, 2],
  [408, 988, 2],
  [204, 659, 2],
  [408, 494, 2],
  [408, 494, 1],
  [204, 466, 2],
  [204, 494, 2],
  [204, 466, 2],
  [204, 440, 2],
  [204, 988, 2],
  [408, 659, 2],
  [408, 740, 2],
  [408, 988, 2],
  [204, 659, 2],
  [408, 1175, 2],
  [408, 587, 2],
  [204, 554, 2],
  [204, 587, 2],
  [204, 554, 2],
  [204, 494, 2],
  [204, 988, 2],
  [408, 659, 2],
  [408, 740, 2],
  [408, 659, 2],
  [204, 494, 2],
  [1836, 494, 1],
  [204, 494, 1],
  [204, 494, 1],
  [204, 587, 2],
  [204, 587, 1],
  [1428, 587, 1],
  [204, 587, 1],
  [204, 587, 1],
  [204, 659, 2],
  [204, 587, 2],
  [204, 494, 2],
  [408, 494, 1],
  [408, 494, 1],
  [204, 587, 2],
  [204, 587, 1],
  [204, 440, 2],
  [204, 440, 1],
  [204, 440, 1],
  [408, 494, 2],
  [204, 659, 2],
  [204, 659, 1],
  [408, 659, 1],
  [204, 494, 2],
  [204, 494, 1],
  [204, 494, 1],
  [204, 587, 2],
  [204, 587, 1],
  [1428, 587, 1],
  [204, 587, 1],
  [204, 587, 1],
  [204, 659, 2],
  [204, 587, 2],
  [204, 659, 2],
  [408, 587, 2],
  [408, 659, 2],
  [204, 587, 2],
  [204, 587, 1],
  [204, 659, 2],
  [408, 988, 2],
  [408, 988, 1],
  [612, 740, 2],
  [204, 784, 2],
  [612, 740, 2],
  [204, 740, 1],
  [612, 659, 2],
  [204, 988, 2],
  [612, 740, 2],
  [204, 740, 1],
  [408, 659, 2],
  [408, 988, 2],
  [612, 740, 2],
  [204, 740, 1],
  [408, 659, 2],
  [408, 988, 2],
  [1428, 494, 2],
  [204, 494, 1],
  [612, 740, 2],
  [204, 740, 1],
  [612, 659, 2],
  [204, 988, 2],
  [612, 740, 2],
  [204, 740, 1],
  [408, 494, 2],
  [408, 988, 2],
  [612, 740, 2],
  [204, 740, 1],
  [408, 494, 2],
  [408, 988, 2],
  [612, 740, 2],
  [204, 740, 1],
  [612, 740, 1],
  [204, 784, 2],
  [612, 740, 2],
  [204, 740, 1],
  [612, 659, 2],
  [204, 988, 2],
  [612, 740, 2],
  [204, 740, 1],
  [408, 659, 2],
  [408, 988, 2],
  [612, 740, 2],
  [204, 740, 1],
  [612, 659, 2],
  [204, 659, 1],
  [408, 740, 2],
  [204, 740, 1],
  [816, 494, 2],
  [204, 494, 1],
  [612, 740, 2],
  [204, 740, 1],
  [612, 659, 2],
  [204, 988, 2],
  [612, 740, 2],
  [204, 740, 1],
  [612, 659, 2],
  [204, 988, 2],
  [612, 740, 2],
  [204, 740, 1],
  [612, 494, 2],
  [204, 740, 2],
  [408, 740, 1],
  [408, 740, 1],
  [408, 784, 2],
  [204, 740, 2],
  [408, [1976, 988], 2],
  [204, [988, 494], 2],
  [204, [1976, 988], 2],
  [204, [1760, 880], 2],
  [204, [1760, 880], 1],
  [408, [1568, 784], 2],
  [204, [1480, 740], 2],
  [204, [1480, 740], 1],
  [204, [1568, 784], 2],
  [204, [1480, 740], 2],
  [204, [1319, 659], 2],
  [204, [988, 494], 2],
  [408, [988, 494], 1],
  [204, [1976, 988], 2],
  [204, [1760, 880], 2],
  [408, [1568, 784], 2],
  [408, [1480, 740], 2],
  [306, [1568, 784], 2],
  [51, [1480, 740], 2],
  [51, [1319, 659], 2],
  [204, [2349, 1175], 2],
  [408, [2349, 1175], 1],
  [204, [2349, 1175], 1],
  [204, [2349, 1175], 1],
  [408, [1976, 988], 2],
  [204, [1976, 988], 1],
  [408, [988, 494], 2],
  [204, [880, 440], 2],
  [204, [988, 494], 2],
  [204, [1319, 659], 2],
  [204, [1480, 740], 2],
  [408, [988, 494], 2],
  [204, [1319, 659], 2],
  [204, [1480, 740], 2],
  [408, [988, 494], 2],
  [204, [2349, 1175], 2],
  [204, [2349, 1175], 1],
  [408, [2349, 1175], 1],
  [204, [1976, 988], 2],
  [408, [1976, 988], 1],
  [204, [1760, 880], 2],
  [408, [1568, 784], 2],
  [204, [1480, 740], 2],
  [408, [1319, 659], 2],
  [204, [1480, 740], 2],
  [204, [1480, 740], 1],
  [204, [1480, 740], 1],
  [204, [1319, 659], 2],
  [204, [1480, 740], 2],
  [408, [1568, 784], 2],
  [408, [1319, 988, 659], 3],
  [204, 659, 2],
  [204, 988, 2],
  [204, 880, 2],
  [204, 880, 1],
  [408, 784, 2],
  [204, 740, 2],
  [204, 784, 2],
  [408, 784, 1],
  [204, 740, 2],
  [204, 494, 2],
  [408, 494, 1],
  [204, 587, 2],
  [408, [988, 659], 2],
  [204, [988, 659], 1],
  [204, [740, 659], 2],
  [204, [784, 659], 2],
  [408, [784, 494], 2],
  [204, [1175, 988], 2],
  [408, [1175, 988], 1],
  [204, [988, 659], 2],
  [204, [1175, 988], 2],
  [408, [1175, 988], 1],
  [204, [988, 659], 2],
  [408, 988, 2],
  [204, 659, 2],
  [204, 988, 2],
  [204, 880, 2],
  [204, 880, 1],
  [408, 784, 2],
  [204, 740, 2],
  [204, 784, 2],
  [408, 784, 1],
  [204, 1175, 2],
  [204, 1175, 1],
  [408, 784, 2],
  [204, 1175, 2],
  [408, [988, 659], 2],
  [204, [988, 659], 1],
  [204, [740, 659], 2],
  [204, [784, 659], 2],
  [408, [784, 494], 2],
  [204, [740, 587], 2],
  [408, [740, 587], 1],
  [204, [659, 494], 2],
  [204, [740, 587], 2],
  [408, [988, 659], 2],
  [204, [988, 659], 1],
  [816, 494, 2],
  [204, 494, 1],
  [612, 740, 2],
  [204, 740, 1],
  [612, 740, 1],
  [204, 740, 1],
  [612, 784, 2],
  [204, 740, 2],
  [612, 988, 2],
  [204, 740, 2],
  [612, 988, 2],
  [204, 740, 2],
  [612, 784, 2],
  [204, 740, 2],
  [408, 494, 2],
  [204, 494, 1],
  [204, 440, 2],
  [612, 494, 2],
  [204, 440, 2],
  [612, 494, 2],
  [204, 740, 2],
  [612, 784, 2],
  [204, 740, 2],
  [612, 988, 2],
  [204, 740, 2],
  [612, 988, 2],
  [204, 740, 2],
  [612, 698, 2],
  [204, 698, 1],
  [612, 698, 1],
  [204, 698, 1],
  [408, 740, 2],
  [204, 740, 1],
  [816, 659, 2],
  [204, 659, 1],
  [612, 988, 2],
  [204, 988, 1],
  [612, 988, 1],
  [204, 988, 1],
  [612, 988, 1],
  [204, 784, 2],
  [612, 784, 1],
  [204, 494, 2],
  [612, 784, 2],
  [204, 494, 2],
  [612, 784, 2],
  [204, 740, 2],
  [408, 494, 2],
  [204, 494, 1],
  [204, 440, 2],
  [612, 494, 2],
  [204, 494, 1],
  [612, 494, 1],
  [204, 988, 2],
  [612, 988, 1],
  [204, 494, 2],
  [612, 494, 1],
  [204, 880, 2],
  [612, 880, 1],
  [204, 880, 1],
  [612, 880, 1],
  [204, 880, 1],
  [408, 880, 1],
  [408, 880, 1],
  [408, 784, 2],
  [204, 740, 2],
  [408, 988, 2],
  [204, 659, 2],
  [204, 988, 2],
  [204, 880, 2],
  [204, 880, 1],
  [408, 784, 2],
  [204, 740, 2],
  [204, 784, 2],
  [408, 784, 1],
  [204, 740, 2],
  [204, 494, 2],
  [816, [2093, 1047], 2],
  [204, [1047, 523], 2],
  [204, [2093, 1047], 2],
  [204, [1865, 932], 2],
  [204, [1865, 932], 1],
  [408, [1661, 831], 2],
  [204, [1568, 784], 2],
  [204, [1568, 784], 1],
  [204, [1661, 831], 2],
  [204, [1568, 784], 2],
  [204, [1397, 698], 2],
  [204, [1047, 523], 2],
  [408, [1047, 523], 1],
  [204, [2093, 1047], 2],
  [204, [1865, 932], 2],
  [408, [1661, 831], 2],
  [408, [1568, 784], 2],
  [306, [1661, 831], 2],
  [51, [1568, 784], 2],
  [51, [1397, 698], 2],
  [204, [2489, 1245], 2],
  [408, [2489, 1245], 1],
  [204, [2489, 1245], 1],
  [204, [2489, 1245], 1],
  [408, [2093, 1047], 2],
  [204, [2093, 1047], 1],
  [408, [1047, 523], 2],
  [204, [932, 466], 2],
  [204, [1047, 523], 2],
  [204, [1397, 698], 2],
  [204, [1568, 784], 2],
  [408, [1047, 523], 2],
  [204, [1397, 698], 2],
  [204, [1568, 784], 2],
  [408, [1047, 523], 2],
  [204, [2489, 1245], 2],
  [204, [2489, 1245], 1],
  [408, [2489, 1245], 1],
  [204, [2093, 1047], 2],
  [408, [2093, 1047], 1],
  [204, [1865, 932], 2],
  [408, [1661, 831], 2],
  [204, [1568, 784], 2],
  [408, [1397, 698], 2],
  [204, [1568, 784], 2],
  [408, [1568, 784], 1],
  [408, [1568, 784], 1],
  [204, [1397, 698], 2],
  [204, [1397, 698], 1],
  [204, [1568, 784], 2],
  [204, [2093, 1047], 2],
  [204, [1047, 523], 2],
  [204, [2093, 1047], 2],
  [204, [1865, 932], 2],
  [204, [1865, 932], 1],
  [408, [1661, 831], 2],
  [204, [1568, 784], 2],
  [204, [1568, 784], 1],
  [204, [1661, 831], 2],
  [204, [1568, 784], 2],
  [204, [1397, 698], 2],
  [204, [1047, 523], 2],
  [408, [1047, 523], 1],
  [204, [2093, 1047], 2],
  [204, [1865, 932], 2],
  [408, [1661, 831], 2],
  [408, [1568, 784], 2],
  [306, [1661, 831], 2],
  [51, [1568, 784], 2],
  [51, [1397, 698], 2],
  [204, [2489, 1245], 2],
  [408, [2489, 1245], 1],
  [204, [2489, 1245], 1],
  [204, [2489, 1245], 1],
  [408, [2794, 1397], 2],
  [204, [2093, 1047], 2],
  [408, [1047, 523], 2],
  [204, [932, 466], 2],
  [204, [1047, 523], 2],
  [204, [1397, 698], 2],
  [204, [1568, 784], 2],
  [408, [1047, 523], 2],
  [204, [1397, 698], 2],
  [204, [1568, 784], 2],
  [408, [1047, 523], 2],
  [204, [2489, 1245], 2],
  [204, [2489, 1245], 1],
  [408, [2489, 1245], 1],
  [204, [2093, 1047], 2],
  [408, [2093, 1047], 1],
  [204, [1865, 932], 2],
  [408, [1661, 831], 2],
  [204, [1568, 784], 2],
  [408, [1397, 698], 2],
  [204, [1568, 784], 2],
  [204, [1568, 784], 1],
  [204, [1568, 784], 1],
  [204, [1397, 698], 2],
  [204, [1568, 784], 2],
  [408, [1661, 831], 2],
  [204, [1397, 698], 2],
  [204, [1397, 1047, 698], 3],
  [408, 698, 2],
  [408, 784, 2],
  [408, 1047, 2],
  [204, 698, 2],
  [408, 1245, 2],
  [408, 622, 2],
  [204, 587, 2],
  [204, 622, 2],
  [204, 587, 2],
  [204, 523, 2],
  [204, 1047, 2],
  [408, 698, 2],
  [408, 784, 2],
  [408, 1047, 2],
  [204, 698, 2],
  [408, 523, 2],
  [408, 523, 1],
  [204, 494, 2],
  [204, 523, 2],
  [204, 494, 2],
  [204, 466, 2],
  [204, 1047, 2],
  [408, 698, 2],
  [408, 784, 2],
  [408, 1047, 2],
  [204, 698, 2],
  [408, 1245, 2],
  [408, 622, 2],
  [204, 587, 2],
  [204, 622, 2],
  [204, 587, 2],
  [204, 523, 2],
  [204, 1047, 2],
  [408, 698, 2],
  [408, 784, 2],
  [408, 698, 2],
  [204, 523, 2],
  [204, 698, 2],
  [204, 523, 2],
  [204, 698, 2],
  [204, 523, 2],
  [204, 698, 2],
  [204, 523, 2],
  [204, 698, 2],
  [204, 523, 2],
  [204, 698, 2],
  [204, 523, 2],
  [204, 698, 2],
  [204, 523, 2],
  [204, 698, 2],
  [204, 523, 2],
  [204, 698, 2],
  [204, 523, 2],
];
