const beatmap = [
  [0, [147, 98, 196], 3],
  [970, 98, 2],
  [191, 110, 2],
  [190, 123, 2],
  [193, 131, 2],
  [204, [156, 196], 2],
  [192, 98, 2],
  [190, [156, 196], 2],
  [192, 131, 2],
  [192, [156, 196], 2],
  [191, 98, 2],
  [190, [156, 196], 2],
  [193, 131, 2],
  [204, [156, 196], 2],
  [192, 98, 2],
  [190, [156, 196], 2],
  [192, 131, 2],
  [192, [156, 196], 2],
  [191, 98, 2],
  [190, [156, 196], 2],
  [193, 131, 2],
  [204, [156, 196], 2],
  [192, 98, 2],
  [190, [156, 196], 2],
  [192, 131, 2],
  [192, [156, 196], 2],
  [191, 98, 2],
  [190, [156, 196], 2],
  [193, 156, 2],
  [204, [196, 233], 2],
  [192, 117, 2],
  [190, [196, 233], 2],
  [192, 156, 2],
  [192, [196, 233], 2],
  [191, 117, 2],
  [190, [196, 233], 2],
  [193, 117, 2],
  [204, [147, 175], 2],
  [192, 87, 2],
  [190, [147, 175], 2],
  [192, 117, 2],
  [192, [147, 175], 2],
  [191, 87, 2],
  [190, [147, 175], 2],
  [193, 104, 2],
  [204, [131, 156], 2],
  [192, 78, 2],
  [190, [131, 156], 2],
  [192, 98, 2],
  [192, [123, 147], 2],
  [191, 73, 2],
  [190, [123, 147], 2],
  [193, 131, 2],
  [204, [156, 196], 2],
  [192, 98, 2],
  [190, [156, 196], 2],
  [192, 131, 2],
  [192, [156, 196], 2],
  [191, 98, 2],
  [190, [156, 196], 2],
  [193, 156, 2],
  [204, [196, 233], 2],
  [192, 117, 2],
  [190, [196, 233], 2],
  [192, 156, 2],
  [192, [196, 233], 2],
  [191, 117, 2],
  [190, [196, 233], 2],
  [193, 117, 2],
  [204, [147, 175], 2],
  [192, 87, 2],
  [190, [147, 175], 2],
  [192, 117, 2],
  [192, [147, 175], 2],
  [191, 87, 2],
  [190, [147, 175], 2],
  [193, 104, 2],
  [204, [131, 156], 2],
  [192, 78, 2],
  [190, [131, 156], 2],
  [192, 98, 2],
  [192, [123, 147], 2],
  [191, 73, 2],
  [190, [123, 147], 2],
  [193, 104, 2],
  [204, [131, 156], 2],
  [192, 78, 2],
  [190, [131, 156], 2],
  [192, 104, 2],
  [192, [131, 156], 2],
  [191, 78, 2],
  [190, [131, 156], 2],
  [193, 175, 2],
  [204, [208, 262], 2],
  [192, 131, 2],
  [190, [208, 262], 2],
  [192, 175, 2],
  [192, [208, 262], 2],
  [191, 131, 2],
  [190, [208, 262], 2],
  [193, 117, 2],
  [204, [147, 175], 2],
  [192, 87, 2],
  [190, [147, 175], 2],
  [192, 117, 2],
  [192, [147, 175], 2],
  [191, 87, 2],
  [190, [147, 175], 2],
  [193, 104, 2],
  [204, [131, 156], 2],
  [192, 78, 2],
  [190, [131, 156], 2],
  [192, 98, 2],
  [192, [123, 147], 2],
  [191, 73, 2],
  [190, [123, 147], 2],
  [193, 104, 2],
  [204, [131, 156], 2],
  [192, 78, 2],
  [190, [131, 156], 2],
  [192, 104, 2],
  [192, [131, 156], 2],
  [191, 78, 2],
  [190, [131, 156], 2],
  [193, 175, 2],
  [204, [208, 262], 2],
  [192, 131, 2],
  [190, [208, 262], 2],
  [192, 175, 2],
  [192, [208, 262], 2],
  [191, 131, 2],
  [190, [208, 262], 2],
  [193, 117, 2],
  [204, [147, 175], 2],
  [192, 87, 2],
  [190, [147, 175], 2],
  [192, 117, 2],
  [192, [147, 175], 2],
  [191, 87, 2],
  [190, [147, 175], 2],
  [193, [49, 98], 2],
  [397, [52, 104], 2],
  [383, [49, 98], 2],
  [384, [52, 104], 2],
  [384, [49, 98], 2],
  [204, [52, 104], 2],
  [192, [49, 98], 2],
  [190, [52, 104], 2],
  [192, [49, 98], 2],
  [192, [52, 104], 2],
  [191, [49, 98], 2],
  [190, [52, 104], 2],
  [193, [49, 98], 2],
  [204, [52, 104], 2],
  [192, [49, 98], 2],
  [190, [52, 104], 2],
  [192, [49, 98], 2],
  [192, [49, 98], 1],
  [191, [49, 98], 1],
  [190, [49, 98], 1],
  [193, 131, 2],
  [204, [156, 196], 2],
  [192, 98, 2],
  [190, [156, 196], 2],
  [192, 131, 2],
  [192, [156, 196], 2],
  [191, 98, 2],
  [190, [156, 196], 2],
  [193, 156, 2],
  [204, [196, 233], 2],
  [192, 117, 2],
  [190, [196, 233], 2],
  [192, 156, 2],
  [192, [196, 233], 2],
  [191, 117, 2],
  [190, [196, 233], 2],
  [193, 117, 2],
  [204, [147, 175], 2],
  [192, 87, 2],
  [190, [147, 175], 2],
  [192, 117, 2],
  [192, [147, 175], 2],
  [191, 87, 2],
  [190, [147, 175], 2],
  [193, 104, 2],
  [204, [131, 156], 2],
  [192, 78, 2],
  [190, [131, 156], 2],
  [192, 98, 2],
  [192, [123, 147], 2],
  [191, 73, 2],
  [190, [123, 147], 2],
  [193, 131, 2],
  [204, [156, 196], 2],
  [192, 98, 2],
  [190, [156, 196], 2],
  [192, 131, 2],
  [192, [156, 196], 2],
  [191, 98, 2],
  [190, [156, 196], 2],
  [193, 156, 2],
  [204, [196, 233], 2],
  [192, 117, 2],
  [190, [196, 233], 2],
  [192, 156, 2],
  [192, [196, 233], 2],
  [191, 117, 2],
  [190, [196, 233], 2],
  [193, 117, 2],
  [204, [147, 175], 2],
  [192, 87, 2],
  [190, [147, 175], 2],
  [192, 117, 2],
  [192, [147, 175], 2],
  [191, 87, 2],
  [190, [147, 175], 2],
  [193, 104, 2],
  [204, [131, 156], 2],
  [192, 78, 2],
  [190, [131, 156], 2],
  [192, 98, 2],
  [192, [123, 147], 2],
  [191, 73, 2],
  [190, [123, 147], 2],
  [193, 104, 2],
  [204, [131, 156], 2],
  [192, 78, 2],
  [190, [131, 156], 2],
  [192, 104, 2],
  [192, [131, 156], 2],
  [191, 78, 2],
  [190, [131, 156], 2],
  [193, 175, 2],
  [204, [208, 262], 2],
  [192, 131, 2],
  [190, [208, 262], 2],
  [192, 175, 2],
  [192, [208, 262], 2],
  [191, 131, 2],
  [190, [208, 262], 2],
  [193, 117, 2],
  [204, [147, 175], 2],
  [192, 87, 2],
  [190, [147, 175], 2],
  [192, 117, 2],
  [192, [147, 175], 2],
  [191, 87, 2],
  [190, [147, 175], 2],
  [193, 104, 2],
  [204, [131, 156], 2],
  [192, 78, 2],
  [190, [131, 156], 2],
  [192, 98, 2],
  [192, [123, 147], 2],
  [191, 73, 2],
  [190, [123, 147], 2],
  [193, 104, 2],
  [204, [131, 156], 2],
  [192, 78, 2],
  [190, [131, 156], 2],
  [192, 104, 2],
  [192, [131, 156], 2],
  [191, 78, 2],
  [190, [131, 156], 2],
  [193, 175, 2],
  [204, [208, 262], 2],
  [192, 131, 2],
  [190, [208, 262], 2],
  [192, 175, 2],
  [192, [208, 262], 2],
  [191, 131, 2],
  [190, [208, 262], 2],
  [193, 117, 2],
  [204, [147, 175], 2],
  [192, 87, 2],
  [190, [147, 175], 2],
  [192, 117, 2],
  [192, [147, 175], 2],
  [191, 87, 2],
  [190, [147, 175], 2],
  [193, 104, 2],
  [204, [131, 156], 2],
  [192, 78, 2],
  [190, [131, 156], 2],
  [192, 98, 2],
  [192, [123, 147], 2],
  [191, 73, 2],
  [190, [123, 147], 2],
  [193, 131, 2],
  [204, [156, 196], 2],
  [192, 98, 2],
  [190, [156, 196], 2],
  [192, 131, 2],
  [192, [156, 196], 2],
  [191, 98, 2],
  [190, [156, 196], 2],
  [193, 156, 2],
  [204, [196, 233], 2],
  [192, 117, 2],
  [190, [196, 233], 2],
  [192, 156, 2],
  [192, [196, 233], 2],
  [191, 117, 2],
  [190, [196, 233], 2],
  [193, 117, 2],
  [204, [147, 175], 2],
  [192, 87, 2],
  [190, [147, 175], 2],
  [192, 117, 2],
  [192, [147, 175], 2],
  [191, 87, 2],
  [190, [147, 175], 2],
  [193, 104, 2],
  [204, [131, 156], 2],
  [181, 78, 2],
  [202, [131, 156], 2],
  [192, 98, 2],
  [192, [123, 147], 2],
  [191, 73, 2],
  [190, [123, 147], 2],
  [193, 131, 2],
  [397, 98, 2],
  [383, 131, 2],
  [384, 98, 2],
  [384, 156, 2],
  [397, 117, 2],
  [383, 156, 2],
  [384, 117, 2],
  [384, 117, 1],
  [397, 87, 2],
  [383, 117, 2],
  [384, 87, 2],
  [384, 104, 2],
  [397, 78, 2],
  [383, 98, 2],
  [384, 73, 2],
  [386, 131, 2],
  [202, [156, 196], 2],
  [192, 98, 2],
  [190, [156, 196], 2],
  [192, 131, 2],
  [192, [156, 196], 2],
  [191, 98, 2],
  [190, [156, 196], 2],
  [193, 156, 2],
  [204, [196, 233], 2],
  [192, 117, 2],
  [190, [196, 233], 2],
  [192, 156, 2],
  [192, [196, 233], 2],
  [191, 117, 2],
  [190, [196, 233], 2],
  [193, 117, 2],
  [204, [147, 175], 2],
  [192, 87, 2],
  [190, [147, 175], 2],
  [192, 117, 2],
  [192, [147, 175], 2],
  [191, 87, 2],
  [190, [147, 175], 2],
  [193, 104, 2],
  [204, [131, 156], 2],
  [192, 78, 2],
  [190, [131, 156], 2],
  [192, 98, 2],
  [192, [123, 147], 2],
  [191, 73, 2],
  [190, [123, 147], 2],
  [193, 131, 2],
  [204, [156, 196], 2],
  [192, 98, 2],
  [190, [156, 196], 2],
  [192, 131, 2],
  [192, [156, 196], 2],
  [191, 98, 2],
  [190, [156, 196], 2],
  [193, 156, 2],
  [204, [196, 233], 2],
  [192, 117, 2],
  [190, [196, 233], 2],
  [192, 156, 2],
  [192, [196, 233], 2],
  [191, 117, 2],
  [190, [196, 233], 2],
  [193, 117, 2],
  [204, [147, 175], 2],
  [192, 87, 2],
  [190, [147, 175], 2],
  [192, 117, 2],
  [192, [147, 175], 2],
  [191, 87, 2],
  [190, [147, 175], 2],
  [193, 104, 2],
  [204, [131, 156], 2],
  [192, 78, 2],
  [190, [131, 156], 2],
  [192, 98, 2],
  [192, [123, 147], 2],
  [191, 73, 2],
  [190, [123, 147], 2],
  [193, 104, 2],
  [204, [131, 156], 2],
  [192, 78, 2],
  [190, [131, 156], 2],
  [192, 104, 2],
  [192, [131, 156], 2],
  [191, 78, 2],
  [190, [131, 156], 2],
  [193, 175, 2],
  [204, [208, 262], 2],
  [192, 131, 2],
  [190, [208, 262], 2],
  [192, 175, 2],
  [192, [208, 262], 2],
  [191, 131, 2],
  [190, [208, 262], 2],
  [193, 117, 2],
  [204, [147, 175], 2],
  [192, 87, 2],
  [190, [147, 175], 2],
  [192, 117, 2],
  [192, [147, 175], 2],
  [191, 87, 2],
  [190, [147, 175], 2],
  [193, 104, 2],
  [204, [131, 156], 2],
  [192, 78, 2],
  [190, [131, 156], 2],
  [192, 98, 2],
  [192, [123, 147], 2],
  [191, 73, 2],
  [190, [123, 147], 2],
  [193, 104, 2],
  [204, [131, 156], 2],
  [192, 78, 2],
  [190, [131, 156], 2],
  [192, 104, 2],
  [192, [131, 156], 2],
  [191, 78, 2],
  [190, [131, 156], 2],
  [193, 175, 2],
  [204, [208, 262], 2],
  [192, 131, 2],
  [190, [208, 262], 2],
  [192, 175, 2],
  [192, [208, 262], 2],
  [191, 131, 2],
  [190, [208, 262], 2],
  [193, 117, 2],
  [204, [147, 175], 2],
  [192, 87, 2],
  [190, [147, 175], 2],
  [192, 117, 2],
  [192, [147, 175], 2],
  [191, 87, 2],
  [190, [147, 175], 2],
  [193, [49, 98], 2],
  [397, [52, 104], 2],
  [383, [49, 98], 2],
  [384, [52, 104], 2],
  [384, [49, 98], 2],
  [204, [52, 104], 2],
  [192, [49, 98], 2],
  [190, [52, 104], 2],
  [192, [49, 98], 2],
  [192, [52, 104], 2],
  [191, [49, 98], 2],
  [190, [52, 104], 2],
  [193, [49, 98], 2],
  [204, [52, 104], 2],
  [192, [49, 98], 2],
  [190, [52, 104], 2],
  [192, [49, 98], 2],
  [192, [49, 98], 1],
  [191, [49, 98], 1],
  [190, [49, 98], 1],
  [193, 131, 2],
  [204, [156, 196], 2],
  [192, 98, 2],
  [190, [156, 196], 2],
  [192, 131, 2],
  [192, [156, 196], 2],
  [191, 98, 2],
  [190, [156, 196], 2],
  [193, 156, 2],
  [204, [196, 233], 2],
  [192, 117, 2],
  [190, [196, 233], 2],
  [192, 156, 2],
  [192, [196, 233], 2],
  [191, 117, 2],
  [190, [196, 233], 2],
  [193, 117, 2],
  [204, [147, 175], 2],
  [192, 87, 2],
  [190, [147, 175], 2],
  [192, 117, 2],
  [192, [147, 175], 2],
  [191, 87, 2],
  [190, [147, 175], 2],
  [193, 104, 2],
  [204, [131, 156], 2],
  [192, 78, 2],
  [190, [131, 156], 2],
  [192, 98, 2],
  [192, [123, 147], 2],
  [186, 73, 2],
  [195, [123, 147], 2],
  [193, 131, 2],
  [204, [156, 196], 2],
  [192, 98, 2],
  [190, [156, 196], 2],
  [192, 131, 2],
  [192, [156, 196], 2],
  [191, 98, 2],
  [190, [156, 196], 2],
  [193, 156, 2],
  [204, [196, 233], 2],
  [192, 117, 2],
  [190, [196, 233], 2],
  [192, 156, 2],
  [192, [196, 233], 2],
  [191, 117, 2],
  [190, [196, 233], 2],
  [193, 117, 2],
  [204, [147, 175], 2],
  [192, 87, 2],
  [190, [147, 175], 2],
  [192, 117, 2],
  [192, [147, 175], 2],
  [191, 87, 2],
  [190, [147, 175], 2],
  [193, 104, 2],
  [204, [131, 156], 2],
  [192, 78, 2],
  [190, [131, 156], 2],
  [192, 98, 2],
  [192, [123, 147], 2],
  [191, 73, 2],
  [190, [123, 147], 2],
  [193, 104, 2],
  [204, [131, 156], 2],
  [192, 78, 2],
  [190, [131, 156], 2],
  [192, 104, 2],
  [192, [131, 156], 2],
  [186, 78, 2],
  [195, [131, 156], 2],
  [193, 175, 2],
  [204, [208, 262], 2],
  [192, 131, 2],
  [190, [208, 262], 2],
  [192, 175, 2],
  [192, [208, 262], 2],
  [191, 131, 2],
  [190, [208, 262], 2],
  [193, 117, 2],
  [204, [147, 175], 2],
  [192, 87, 2],
  [190, [147, 175], 2],
  [192, 117, 2],
  [192, [147, 175], 2],
  [191, 87, 2],
  [190, [147, 175], 2],
  [193, 104, 2],
  [204, [131, 156], 2],
  [192, 78, 2],
  [190, [131, 156], 2],
  [192, 98, 2],
  [192, [123, 147], 2],
  [191, 73, 2],
  [190, [123, 147], 2],
  [193, 104, 2],
  [204, [131, 156], 2],
  [192, 78, 2],
  [190, [131, 156], 2],
  [192, 104, 2],
  [192, [131, 156], 2],
  [191, 78, 2],
  [190, [131, 156], 2],
  [193, 175, 2],
  [204, [208, 262], 2],
  [192, 131, 2],
  [190, [208, 262], 2],
  [192, 175, 2],
  [192, [208, 262], 2],
  [191, 131, 2],
  [190, [208, 262], 2],
  [193, 117, 2],
  [204, [147, 175], 2],
  [192, 87, 2],
  [190, [147, 175], 2],
  [192, 117, 2],
  [192, [147, 175], 2],
  [191, 87, 2],
  [190, [147, 175], 2],
  [193, [196, 49, 98], 3],
  [397, [208, 52, 104], 3],
  [383, [196, 49, 98], 3],
  [384, [208, 52, 104], 3],
  [386, [147, 98, 196], 3],
  [970, 98, 2],
  [191, 110, 2],
  [190, 123, 2],
  [193, 131, 2],
  [204, [156, 196], 2],
  [192, 98, 2],
  [190, [156, 196], 2],
  [192, 131, 2],
  [192, [156, 196], 2],
  [191, 98, 2],
  [190, [156, 196], 2],
  [193, 131, 2],
  [204, [156, 196], 2],
  [192, 98, 2],
  [190, [156, 196], 2],
  [192, 131, 2],
  [192, [156, 196], 2],
  [191, 98, 2],
  [190, [156, 196], 2],
  [193, 131, 2],
  [204, [156, 196], 2],
  [192, 98, 2],
  [190, [156, 196], 2],
  [192, 131, 2],
  [192, [156, 196], 2],
  [191, 98, 2],
  [190, [156, 196], 2],
  [193, 156, 2],
  [204, [196, 233], 2],
  [192, 117, 2],
  [190, [196, 233], 2],
  [192, 156, 2],
  [192, [196, 233], 2],
  [191, 117, 2],
  [190, [196, 233], 2],
  [193, 117, 2],
  [204, [147, 175], 2],
  [192, 87, 2],
  [190, [147, 175], 2],
  [192, 117, 2],
  [192, [147, 175], 2],
  [191, 87, 2],
  [190, [147, 175], 2],
  [193, 104, 2],
  [204, [131, 156], 2],
  [192, 78, 2],
  [190, [131, 156], 2],
  [192, 98, 2],
  [192, [123, 147], 2],
  [191, 73, 2],
  [190, [123, 147], 2],
  [193, 131, 2],
  [204, [156, 196], 2],
  [192, 98, 2],
  [190, [156, 196], 2],
  [192, 131, 2],
  [192, [156, 196], 2],
  [191, 98, 2],
  [190, [156, 196], 2],
  [193, 156, 2],
  [204, [196, 233], 2],
  [192, 117, 2],
  [190, [196, 233], 2],
  [192, 156, 2],
  [192, [196, 233], 2],
  [191, 117, 2],
  [190, [196, 233], 2],
  [193, 117, 2],
  [204, [147, 175], 2],
  [192, 87, 2],
  [190, [147, 175], 2],
  [192, 117, 2],
  [192, [147, 175], 2],
  [191, 87, 2],
  [190, [147, 175], 2],
  [193, 104, 2],
  [204, [131, 156], 2],
  [192, 78, 2],
  [190, [131, 156], 2],
  [192, 98, 2],
  [192, [123, 147], 2],
  [191, 73, 2],
  [190, [123, 147], 2],
  [193, 104, 2],
  [204, [131, 156], 2],
  [192, 78, 2],
  [190, [131, 156], 2],
  [192, 104, 2],
  [192, [131, 156], 2],
  [191, 78, 2],
  [190, [131, 156], 2],
  [193, 175, 2],
  [204, [208, 262], 2],
  [192, 131, 2],
  [190, [208, 262], 2],
  [192, 175, 2],
  [192, [208, 262], 2],
  [191, 131, 2],
  [190, [208, 262], 2],
  [193, 117, 2],
  [204, [147, 175], 2],
  [192, 87, 2],
  [190, [147, 175], 2],
  [192, 117, 2],
  [192, [147, 175], 2],
  [191, 87, 2],
  [190, [147, 175], 2],
  [193, 104, 2],
  [204, [131, 156], 2],
  [192, 78, 2],
  [190, [131, 156], 2],
  [192, 98, 2],
  [192, [123, 147], 2],
  [191, 73, 2],
  [190, [123, 147], 2],
  [193, 104, 2],
  [204, [131, 156], 2],
  [192, 78, 2],
  [190, [131, 156], 2],
  [192, 104, 2],
  [192, [131, 156], 2],
  [191, 78, 2],
  [190, [131, 156], 2],
  [193, 175, 2],
  [204, [208, 262], 2],
  [192, 131, 2],
  [190, [208, 262], 2],
  [192, 175, 2],
  [192, [208, 262], 2],
  [191, 131, 2],
  [190, [208, 262], 2],
  [193, 117, 2],
  [204, [147, 175], 2],
  [192, 87, 2],
  [190, [147, 175], 2],
  [192, 117, 2],
  [192, [147, 175], 2],
  [191, 87, 2],
  [190, [147, 175], 2],
  [193, [49, 98], 2],
  [397, [52, 104], 2],
  [383, [49, 98], 2],
  [384, [52, 104], 2],
  [384, [49, 98], 2],
  [204, [52, 104], 2],
  [192, [49, 98], 2],
  [190, [52, 104], 2],
  [192, [49, 98], 2],
  [192, [52, 104], 2],
  [191, [49, 98], 2],
  [190, [52, 104], 2],
  [193, [49, 98], 2],
  [204, [52, 104], 2],
  [192, [49, 98], 2],
  [190, [52, 104], 2],
  [192, [49, 98], 2],
  [192, [49, 98], 1],
  [191, [49, 98], 1],
  [190, [49, 98], 1],
  [193, 131, 2],
  [204, [156, 196], 2],
  [192, 98, 2],
  [190, [156, 196], 2],
  [192, 131, 2],
  [192, [156, 196], 2],
  [191, 98, 2],
  [190, [156, 196], 2],
  [193, 156, 2],
  [204, [196, 233], 2],
  [192, 117, 2],
  [190, [196, 233], 2],
  [192, 156, 2],
  [192, [196, 233], 2],
  [191, 117, 2],
  [190, [196, 233], 2],
  [193, 117, 2],
  [204, [147, 175], 2],
  [192, 87, 2],
  [190, [147, 175], 2],
  [192, 117, 2],
  [192, [147, 175], 2],
  [191, 87, 2],
  [190, [147, 175], 2],
  [193, 104, 2],
  [204, [131, 156], 2],
  [192, 78, 2],
  [190, [131, 156], 2],
  [192, 98, 2],
  [192, [123, 147], 2],
  [191, 73, 2],
  [190, [123, 147], 2],
  [193, 131, 2],
  [204, [156, 196], 2],
  [192, 98, 2],
  [190, [156, 196], 2],
  [192, 131, 2],
  [192, [156, 196], 2],
  [191, 98, 2],
  [190, [156, 196], 2],
  [193, 156, 2],
  [204, [196, 233], 2],
  [192, 117, 2],
  [190, [196, 233], 2],
  [192, 156, 2],
  [192, [196, 233], 2],
  [191, 117, 2],
  [190, [196, 233], 2],
  [193, 117, 2],
  [204, [147, 175], 2],
  [192, 87, 2],
  [190, [147, 175], 2],
  [192, 117, 2],
  [192, [147, 175], 2],
  [191, 87, 2],
  [190, [147, 175], 2],
  [193, 104, 2],
  [204, [131, 156], 2],
  [192, 78, 2],
  [190, [131, 156], 2],
  [192, 98, 2],
  [192, [123, 147], 2],
  [191, 73, 2],
  [190, [123, 147], 2],
  [193, 104, 2],
  [204, [131, 156], 2],
  [192, 78, 2],
  [190, [131, 156], 2],
  [192, 104, 2],
  [192, [131, 156], 2],
  [191, 78, 2],
  [190, [131, 156], 2],
  [193, 175, 2],
  [204, [208, 262], 2],
  [192, 131, 2],
  [190, [208, 262], 2],
  [192, 175, 2],
  [192, [208, 262], 2],
  [191, 131, 2],
  [190, [208, 262], 2],
  [193, 117, 2],
  [204, [147, 175], 2],
  [192, 87, 2],
  [190, [147, 175], 2],
  [192, 117, 2],
  [192, [147, 175], 2],
  [191, 87, 2],
  [190, [147, 175], 2],
  [193, 104, 2],
  [204, [131, 156], 2],
  [192, 78, 2],
  [190, [131, 156], 2],
  [192, 98, 2],
  [192, [123, 147], 2],
  [191, 73, 2],
  [190, [123, 147], 2],
  [193, 104, 2],
  [204, [131, 156], 2],
  [192, 78, 2],
  [190, [131, 156], 2],
  [192, 104, 2],
  [192, [131, 156], 2],
  [191, 78, 2],
  [190, [131, 156], 2],
  [193, 175, 2],
  [204, [208, 262], 2],
  [192, 131, 2],
  [190, [208, 262], 2],
  [192, 175, 2],
  [192, [208, 262], 2],
  [191, 131, 2],
  [190, [208, 262], 2],
  [193, 117, 2],
  [204, [147, 175], 2],
  [192, 87, 2],
  [190, [147, 175], 2],
  [192, 117, 2],
  [192, [147, 175], 2],
  [191, 87, 2],
  [190, [147, 175], 2],
  [193, 104, 2],
  [204, [131, 156], 2],
  [192, 78, 2],
  [190, [131, 156], 2],
  [192, 98, 2],
  [192, [123, 147], 2],
  [191, 73, 2],
  [190, [123, 147], 2],
  [193, 131, 2],
  [204, [156, 196], 2],
  [192, 98, 2],
  [190, [156, 196], 2],
  [192, 131, 2],
  [192, [156, 196], 2],
  [191, 98, 2],
  [190, [156, 196], 2],
  [193, 156, 2],
  [204, [196, 233], 2],
  [192, 117, 2],
  [190, [196, 233], 2],
  [192, 156, 2],
  [192, [196, 233], 2],
  [191, 117, 2],
  [190, [196, 233], 2],
  [193, 117, 2],
  [204, [147, 175], 2],
  [192, 87, 2],
  [190, [147, 175], 2],
  [192, 117, 2],
  [192, [147, 175], 2],
  [191, 87, 2],
  [190, [147, 175], 2],
  [193, 104, 2],
  [204, [131, 156], 2],
  [192, 78, 2],
  [190, [131, 156], 2],
  [192, 98, 2],
  [192, [123, 147], 2],
  [191, 73, 2],
  [190, [123, 147], 2],
  [193, 131, 2],
  [397, 98, 2],
  [383, 131, 2],
  [384, 98, 2],
  [384, 156, 2],
  [397, 117, 2],
  [383, 156, 2],
  [384, 117, 2],
  [384, 117, 1],
  [397, 87, 2],
  [383, 117, 2],
  [384, 87, 2],
  [384, 104, 2],
  [397, 78, 2],
  [383, 98, 2],
  [384, 73, 2],
  [384, 131, 2],
  [204, [156, 196], 2],
  [192, 98, 2],
  [190, [156, 196], 2],
  [192, 131, 2],
  [192, [156, 196], 2],
  [191, 98, 2],
  [190, [156, 196], 2],
  [193, 156, 2],
  [204, [196, 233], 2],
  [192, 117, 2],
  [190, [196, 233], 2],
  [192, 156, 2],
  [192, [196, 233], 2],
  [191, 117, 2],
  [190, [196, 233], 2],
  [193, 117, 2],
  [204, [147, 175], 2],
  [192, 87, 2],
  [190, [147, 175], 2],
  [192, 117, 2],
  [192, [147, 175], 2],
  [191, 87, 2],
  [190, [147, 175], 2],
  [193, 104, 2],
  [204, [131, 156], 2],
  [192, 78, 2],
  [190, [131, 156], 2],
  [192, 98, 2],
  [192, [123, 147], 2],
  [191, 73, 2],
  [190, [123, 147], 2],
  [193, 131, 2],
  [204, [156, 196], 2],
  [192, 98, 2],
  [190, [156, 196], 2],
  [192, 131, 2],
  [192, [156, 196], 2],
  [191, 98, 2],
  [190, [156, 196], 2],
  [193, 156, 2],
  [204, [196, 233], 2],
  [192, 117, 2],
  [190, [196, 233], 2],
  [192, 156, 2],
  [192, [196, 233], 2],
  [191, 117, 2],
  [190, [196, 233], 2],
  [193, 117, 2],
  [204, [147, 175], 2],
  [192, 87, 2],
  [190, [147, 175], 2],
  [192, 117, 2],
  [192, [147, 175], 2],
  [191, 87, 2],
  [190, [147, 175], 2],
  [193, 104, 2],
  [204, [131, 156], 2],
  [192, 78, 2],
  [190, [131, 156], 2],
  [192, 98, 2],
  [192, [123, 147], 2],
  [191, 73, 2],
  [190, [123, 147], 2],
  [193, 104, 2],
  [204, [131, 156], 2],
  [192, 78, 2],
  [190, [131, 156], 2],
  [192, 104, 2],
  [192, [131, 156], 2],
  [191, 78, 2],
  [190, [131, 156], 2],
  [193, 175, 2],
  [204, [208, 262], 2],
  [192, 131, 2],
  [190, [208, 262], 2],
  [192, 175, 2],
  [192, [208, 262], 2],
  [191, 131, 2],
  [190, [208, 262], 2],
  [193, 117, 2],
  [204, [147, 175], 2],
  [192, 87, 2],
  [190, [147, 175], 2],
  [192, 117, 2],
  [192, [147, 175], 2],
  [191, 87, 2],
  [190, [147, 175], 2],
  [193, 104, 2],
  [204, [131, 156], 2],
  [192, 78, 2],
  [190, [131, 156], 2],
  [192, 98, 2],
  [192, [123, 147], 2],
  [191, 73, 2],
  [190, [123, 147], 2],
  [193, 104, 2],
  [204, [131, 156], 2],
  [192, 78, 2],
  [190, [131, 156], 2],
  [192, 104, 2],
  [192, [131, 156], 2],
  [191, 78, 2],
  [190, [131, 156], 2],
  [193, 175, 2],
  [204, [208, 262], 2],
  [192, 131, 2],
  [190, [208, 262], 2],
  [192, 175, 2],
  [192, [208, 262], 2],
  [191, 131, 2],
  [190, [208, 262], 2],
  [193, 117, 2],
  [204, [147, 175], 2],
  [192, 87, 2],
  [190, [147, 175], 2],
  [192, 117, 2],
  [192, [147, 175], 2],
  [191, 87, 2],
  [190, [147, 175], 2],
  [193, [49, 98], 2],
  [397, [52, 104], 2],
  [383, [49, 98], 2],
  [384, [52, 104], 2],
  [384, [49, 98], 2],
  [204, [52, 104], 2],
  [192, [49, 98], 2],
  [190, [52, 104], 2],
  [192, [49, 98], 2],
  [192, [52, 104], 2],
  [191, [49, 98], 2],
  [190, [52, 104], 2],
  [193, [49, 98], 2],
  [204, [52, 104], 2],
  [192, [49, 98], 2],
  [190, [52, 104], 2],
  [192, [49, 98], 2],
  [192, [49, 98], 1],
  [191, [49, 98], 1],
  [190, [49, 98], 1],
  [193, 131, 2],
  [204, [156, 196], 2],
  [192, 98, 2],
  [190, [156, 196], 2],
  [192, 131, 2],
  [192, [156, 196], 2],
  [191, 98, 2],
  [190, [156, 196], 2],
  [193, 156, 2],
  [204, [196, 233], 2],
  [192, 117, 2],
  [190, [196, 233], 2],
  [192, 156, 2],
  [192, [196, 233], 2],
  [191, 117, 2],
  [190, [196, 233], 2],
  [193, 117, 2],
  [204, [147, 175], 2],
  [192, 87, 2],
  [190, [147, 175], 2],
  [192, 117, 2],
  [192, [147, 175], 2],
  [191, 87, 2],
  [190, [147, 175], 2],
  [193, 104, 2],
  [204, [131, 156], 2],
  [192, 78, 2],
  [190, [131, 156], 2],
  [192, 98, 2],
  [192, [123, 147], 2],
  [191, 73, 2],
  [190, [123, 147], 2],
  [193, 131, 2],
  [204, [156, 196], 2],
  [192, 98, 2],
  [190, [156, 196], 2],
  [192, 131, 2],
  [192, [156, 196], 2],
  [191, 98, 2],
  [190, [156, 196], 2],
  [193, 156, 2],
  [204, [196, 233], 2],
  [192, 117, 2],
  [190, [196, 233], 2],
  [192, 156, 2],
  [192, [196, 233], 2],
  [191, 117, 2],
  [190, [196, 233], 2],
  [193, 117, 2],
  [204, [147, 175], 2],
  [192, 87, 2],
  [190, [147, 175], 2],
  [192, 117, 2],
  [192, [147, 175], 2],
  [191, 87, 2],
  [190, [147, 175], 2],
  [193, 104, 2],
  [204, [131, 156], 2],
  [192, 78, 2],
  [190, [131, 156], 2],
  [192, 98, 2],
  [192, [123, 147], 2],
  [191, 73, 2],
  [190, [123, 147], 2],
  [193, 104, 2],
  [204, [131, 156], 2],
  [192, 78, 2],
  [190, [131, 156], 2],
  [192, 104, 2],
  [192, [131, 156], 2],
  [191, 78, 2],
  [190, [131, 156], 2],
  [193, 175, 2],
  [204, [208, 262], 2],
  [192, 131, 2],
  [190, [208, 262], 2],
  [192, 175, 2],
  [192, [208, 262], 2],
  [191, 131, 2],
  [190, [208, 262], 2],
  [193, 117, 2],
  [204, [147, 175], 2],
  [192, 87, 2],
  [190, [147, 175], 2],
  [192, 117, 2],
  [192, [147, 175], 2],
  [191, 87, 2],
  [190, [147, 175], 2],
  [193, 104, 2],
  [204, [131, 156], 2],
  [192, 78, 2],
  [190, [131, 156], 2],
  [192, 98, 2],
  [192, [123, 147], 2],
  [191, 73, 2],
  [190, [123, 147], 2],
  [193, 104, 2],
  [204, [131, 156], 2],
  [192, 78, 2],
  [190, [131, 156], 2],
  [192, 104, 2],
  [192, [131, 156], 2],
  [191, 78, 2],
  [190, [131, 156], 2],
  [193, 175, 2],
  [204, [208, 262], 2],
  [192, 131, 2],
  [190, [208, 262], 2],
  [192, 175, 2],
  [192, [208, 262], 2],
  [191, 131, 2],
  [190, [208, 262], 2],
  [193, 117, 2],
  [204, [147, 175], 2],
  [192, 87, 2],
  [190, [147, 175], 2],
  [192, 117, 2],
  [192, [147, 175], 2],
  [191, 87, 2],
  [190, [147, 175], 2],
  [193, [196, 49, 98], 3],
  [397, [208, 52, 104], 3],
  [383, [196, 49, 98], 3],
  [384, [208, 52, 104], 3],
];
