const beatmap = [
  [1363, 262, 1],
  [48, 294, 2],
  [48, 330, 2],
  [48, 349, 2],
  [48, [175, 220, 294, 73, 147], 4],
  [292, [175, 220, 294, 73, 147], 1],
  [292, [175, 220, 262, 73], 4],
  [97, 147, 2],
  [97, [175, 220, 294, 73], 4],
  [97, 147, 2],
  [194, [175, 220, 294, 73], 4],
  [97, 147, 2],
  [194, [175, 220, 262, 73, 147], 4],
  [194, [175, 220, 294, 349, 73, 147], 4],
  [292, [175, 220, 294, 349, 73, 147], 1],
  [292, [175, 220, 262, 349, 73], 4],
  [97, 147, 2],
  [97, [175, 220, 294, 73, 147], 4],
  [389, [220, 294, 349, 392, 73, 147], 4],
  [389, [220, 294, 349, 440, 73, 147], 4],
  [292, [220, 294, 349, 440, 73, 147], 1],
  [292, [220, 262, 349, 440, 73], 4],
  [97, 147, 2],
  [97, [220, 294, 349, 440, 73], 4],
  [97, 147, 2],
  [194, [220, 294, 349, 440, 73], 4],
  [97, 147, 2],
  [194, [220, 262, 330, 392, 73, 147], 4],
  [194, [175, 220, 294, 73, 147], 4],
  [389, [233, 294, 349, 175, 117], 4],
  [389, [262, 330, 392, 196, 117], 4],
  [389, [262, 330, 440, 110, 165], 4],
  [97, 82, 2],
  [97, 65, 2],
  [97, 55, 2],
  [97, [392, 58, 117], 3],
  [194, [440, 147, 175], 3],
  [194, [294, 117], 2],
  [97, 262, 2],
  [97, [294, 147, 175], 4],
  [97, 262, 2],
  [97, [392, 65, 131], 3],
  [194, [440, 165, 196], 3],
  [194, [294, 131], 2],
  [97, 262, 2],
  [97, [294, 165, 196], 4],
  [97, 262, 2],
  [97, [392, 73, 147], 3],
  [194, [440, 175, 220], 3],
  [194, [294, 87], 2],
  [97, 262, 2],
  [97, [294, 175, 220], 4],
  [97, 262, 2],
  [97, [110, 175], 2],
  [12, 330, 2],
  [12, 349, 2],
  [170, [330, 147, 220], 4],
  [97, 349, 2],
  [48, 330, 2],
  [48, [294, 87, 175], 3],
  [194, [262, 110, 147], 3],
  [194, [392, 58, 117], 3],
  [194, [440, 147, 175], 3],
  [194, [294, 117], 2],
  [97, 262, 2],
  [97, [294, 147, 175], 4],
  [97, 262, 2],
  [97, [392, 65, 131], 3],
  [194, [440, 165, 196], 3],
  [194, [294, 131], 2],
  [97, 262, 2],
  [97, [294, 165, 196], 4],
  [97, 262, 2],
  [97, [392, 73], 2],
  [194, [440, 220, 147], 3],
  [194, [523, 87], 2],
  [194, [698, 294, 175], 3],
  [194, [659, 220, 110], 3],
  [97, 698, 2],
  [97, [659, 262, 175], 4],
  [97, 587, 2],
  [97, [523, 294, 220, 147], 4],
  [194, [440, 147], 2],
  [97, 73, 2],
  [97, [392, 58, 117], 3],
  [194, [440, 147, 175], 3],
  [194, [294, 117], 2],
  [97, 262, 2],
  [97, [294, 147, 175], 4],
  [97, 262, 2],
  [97, [392, 65, 131], 3],
  [194, [440, 165, 196], 3],
  [194, [294, 131], 2],
  [97, 262, 2],
  [97, [294, 165, 196], 4],
  [97, 262, 2],
  [97, [392, 73, 147], 3],
  [194, [440, 175, 220], 3],
  [194, [294, 87], 2],
  [97, 262, 2],
  [97, [294, 175, 220], 4],
  [97, 262, 2],
  [97, [110, 175], 2],
  [12, 330, 2],
  [12, 349, 2],
  [170, [330, 147, 220], 4],
  [97, 349, 2],
  [48, 330, 2],
  [48, [294, 87, 175], 3],
  [194, [262, 110, 147], 3],
  [194, [294, 58, 117], 3],
  [194, [262, 147, 175], 3],
  [97, 294, 2],
  [97, [349, 117], 2],
  [194, [294, 147, 175], 3],
  [97, 392, 2],
  [97, [440, 65, 131], 3],
  [194, [392, 165, 196], 3],
  [97, 440, 2],
  [97, [523, 131], 2],
  [97, 698, 2],
  [97, [440, 165, 196], 4],
  [97, 523, 2],
  [97, [698, 440, 73, 110, 147], 4],
  [194, 659, 2],
  [48, 698, 2],
  [48, [659, 73, 110, 147], 4],
  [97, 587, 2],
  [194, [523, 440, 87, 131, 175], 4],
  [194, [587, 440, 73, 110, 147], 4],
  [194, 523, 2],
  [194, [587, 440, 147], 4],
  [97, 110, 2],
  [97, [698, 523, 87], 4],
  [97, 73, 2],
  [97, [784, 587, 392, 58, 117], 4],
  [194, [880, 440, 175, 233, 294], 4],
  [194, [587, 294, 117], 3],
  [97, 523, 2],
  [97, [587, 175, 233, 294], 4],
  [97, 523, 2],
  [97, [784, 392, 131, 65], 4],
  [194, [880, 440, 330, 262, 196], 4],
  [194, [587, 294, 131], 3],
  [97, 523, 2],
  [97, [587, 330, 262, 196], 4],
  [97, 523, 2],
  [97, [784, 587, 392, 147, 73], 4],
  [194, [880, 440, 294, 220, 175], 4],
  [194, [587, 294, 87], 3],
  [97, 523, 2],
  [97, [587, 294, 220, 175], 4],
  [97, 523, 2],
  [73, 440, 2],
  [17, [587, 175, 110], 4],
  [18, 659, 2],
  [17, 698, 2],
  [164, [659, 330, 220, 147], 4],
  [97, 698, 2],
  [48, 659, 2],
  [48, [294, 440, 587, 73], 4],
  [97, 110, 2],
  [97, [262, 523, 147], 4],
  [97, 110, 2],
  [97, [784, 587, 392, 58, 117], 4],
  [194, [880, 440, 175, 233, 294], 4],
  [194, [587, 294, 117], 3],
  [97, 523, 2],
  [97, [587, 175, 233, 294], 4],
  [97, 523, 2],
  [97, [784, 392, 131, 65], 4],
  [194, [880, 440, 330, 262, 196], 4],
  [194, [587, 294, 131], 3],
  [97, 523, 2],
  [97, [587, 330, 262, 196], 4],
  [97, 523, 2],
  [52, 698, 2],
  [44, [784, 392, 147, 73], 4],
  [194, [880, 440, 294, 220, 175], 4],
  [194, [1047, 523, 87], 3],
  [194, [1397, 698, 349, 294, 220], 4],
  [194, [1319, 1047, 659, 220, 110], 4],
  [97, [1397, 698], 2],
  [97, [1319, 659, 294, 175], 4],
  [97, [1175, 587], 2],
  [97, [1047, 880, 523, 220], 4],
  [97, 147, 2],
  [97, [880, 440, 110], 4],
  [97, 73, 2],
  [97, [784, 587, 392, 58, 117], 4],
  [194, [880, 440, 175, 233, 294], 4],
  [194, [587, 294, 117], 3],
  [97, 523, 2],
  [97, [587, 175, 233, 294], 4],
  [97, 523, 2],
  [97, [784, 392, 131, 65], 4],
  [194, [880, 440, 330, 262, 196], 4],
  [194, [587, 294, 131], 3],
  [97, 523, 2],
  [97, [587, 330, 262, 196], 4],
  [97, 523, 2],
  [97, [784, 587, 392, 147, 73], 4],
  [194, [880, 440, 294, 220, 175], 4],
  [194, [587, 294, 87], 3],
  [97, 523, 2],
  [97, [587, 294, 220, 175], 4],
  [97, 523, 2],
  [73, 440, 2],
  [17, [587, 175, 110], 4],
  [18, 659, 2],
  [17, 698, 2],
  [164, [659, 330, 220, 147], 4],
  [97, 698, 2],
  [48, 659, 2],
  [48, [294, 440, 587, 73], 4],
  [97, 110, 2],
  [97, [262, 523, 147], 4],
  [97, 110, 2],
  [97, [784, 587, 392, 58, 117], 4],
  [97, [698, 349], 2],
  [97, [880, 440, 175, 233, 294], 4],
  [97, [1047, 523], 2],
  [97, [1175, 587, 117], 3],
  [97, [1047, 523], 2],
  [97, [880, 440, 175, 233, 294], 4],
  [97, [784, 392], 2],
  [97, [587, 294, 131, 65], 4],
  [194, [698, 523, 349, 330, 262, 196], 4],
  [194, [784, 392, 65], 3],
  [97, 98, 2],
  [97, [880, 587, 440, 131], 4],
  [97, 165, 2],
  [97, [349, 440, 587, 73, 110, 147], 4],
  [97, 294, 2],
  [97, 294, 1],
  [97, [349, 440, 587, 73, 110, 147], 4],
  [97, 294, 2],
  [97, 294, 1],
  [97, [349, 440, 523, 87, 147], 4],
  [97, 294, 2],
  [97, [294, 349, 440, 587, 73, 110, 147], 4],
  [389, [37, 73], 2],
  [389, [175, 220, 294, 73, 147], 4],
  [389, [175, 220, 294, 73, 147], 1],
  [292, [175, 220, 262, 147], 4],
  [97, [294, 73, 147], 3],
  [97, [175, 220], 2],
  [97, [294, 349, 73, 147], 4],
  [194, [294, 349, 110, 147], 4],
  [194, [330, 392, 131, 175], 4],
  [194, [175, 233, 294, 58, 117], 4],
  [292, [58, 117], 2],
  [97, [175, 233, 294, 58, 117], 4],
  [292, 262, 2],
  [97, [165, 196, 294, 65, 131], 4],
  [194, [165, 196, 262], 3],
  [97, [65, 131], 2],
  [97, [165, 220, 65, 131], 4],
  [194, 262, 2],
  [194, [175, 220, 294, 73, 147], 4],
  [389, [175, 220, 294, 73, 147], 1],
  [292, [175, 220, 262, 147], 4],
  [97, [294, 73, 147], 3],
  [97, [175, 220], 2],
  [97, [294, 349, 73, 147], 4],
  [194, [330, 392, 131, 175], 4],
  [194, [349, 440, 147, 220], 4],
  [194, [233, 294, 440, 58, 117], 4],
  [292, 117, 2],
  [97, [233, 294, 392, 58, 117], 4],
  [194, 440, 2],
  [97, 392, 2],
  [97, [196, 262, 349, 65, 131], 4],
  [292, 131, 2],
  [97, [196, 262, 294, 65, 131], 4],
  [389, [175, 220, 294, 73, 147], 4],
  [194, [73, 147], 2],
  [97, 294, 2],
  [97, [175, 220, 294, 73, 147], 4],
  [292, [175, 220, 262, 147], 4],
  [97, [262, 73, 147], 3],
  [97, [175, 220], 2],
  [97, [294, 73, 147], 3],
  [194, [294, 349, 110, 147], 4],
  [194, [330, 392, 131, 175], 4],
  [194, [175, 233, 294, 58, 117], 4],
  [292, [294, 58, 117], 3],
  [97, [175, 233, 294, 58, 117], 4],
  [194, 262, 2],
  [194, [175, 196, 294, 65, 131], 4],
  [194, 262, 2],
  [97, [65, 131], 2],
  [97, [165, 196, 262, 65, 131], 4],
  [194, 220, 2],
  [194, [175, 220, 294, 73, 147], 4],
  [194, [73, 147], 2],
  [97, 294, 2],
  [97, [175, 220, 294, 73, 147], 4],
  [194, [175, 220, 262], 3],
  [97, 147, 2],
  [97, [262, 73, 147], 3],
  [97, [175, 220], 2],
  [97, [294, 73, 147], 3],
  [194, [294, 349, 110, 147], 4],
  [194, [330, 392, 131, 175], 4],
  [194, [233, 294, 440, 58, 117], 4],
  [194, [58, 117], 2],
  [194, [233, 294, 392, 58, 117], 4],
  [194, 440, 2],
  [97, [392, 117], 2],
  [97, [196, 262, 349, 65, 131], 4],
  [194, 65, 2],
  [97, 131, 2],
  [97, [196, 262, 294, 65], 4],
  [97, 131, 2],
  [97, 65, 2],
  [97, 131, 2],
  [97, [233, 349, 58], 4],
  [194, 117, 2],
  [194, [175, 233, 330, 58], 4],
  [292, 117, 2],
  [97, [175, 233, 294, 58], 4],
  [194, 117, 2],
  [194, [175, 233, 262, 58], 4],
  [292, 117, 2],
  [97, [175, 220, 262, 44], 4],
  [194, [175, 220, 262, 87], 4],
  [97, 294, 2],
  [97, [175, 220, 44], 4],
  [194, 196, 2],
  [97, 87, 2],
  [97, [175, 220, 87], 4],
  [194, 87, 2],
  [194, [131, 175, 87], 4],
  [194, 87, 2],
  [194, [175, 220, 58], 3],
  [194, [262, 117], 2],
  [194, [175, 233, 294, 58], 4],
  [292, 117, 2],
  [97, [233, 262, 392, 65], 4],
  [194, 131, 2],
  [194, [196, 262, 330, 65], 4],
  [194, 65, 2],
  [97, 131, 2],
  [97, [220, 294, 349, 73], 4],
  [194, [175, 147], 2],
  [194, [220, 294, 330, 73], 4],
  [97, [175, 147], 2],
  [97, [220, 262, 73], 3],
  [97, [175, 147], 2],
  [97, [196, 220, 294, 73], 4],
  [194, [175, 147], 2],
  [194, [220, 73], 2],
  [194, [175, 147], 2],
  [194, [233, 349, 58], 3],
  [194, 117, 2],
  [194, [175, 233, 330, 58], 4],
  [292, 117, 2],
  [97, [175, 233, 294, 58], 4],
  [194, 117, 2],
  [194, [175, 233, 262, 58], 4],
  [292, 117, 2],
  [97, [175, 220, 262, 44], 4],
  [194, [175, 220, 262, 87], 4],
  [97, 294, 2],
  [97, [175, 220, 44], 4],
  [194, 196, 2],
  [97, 87, 2],
  [97, [175, 220, 87], 4],
  [194, 87, 2],
  [194, [131, 220, 87], 3],
  [194, [262, 87], 2],
  [182, 175, 2],
  [12, [196, 49, 98], 4],
  [12, 233, 2],
  [12, 294, 2],
  [170, [196, 233, 294, 98], 4],
  [389, [196, 233, 294, 98], 1],
  [194, [220, 349, 98, 147], 4],
  [389, [233, 294, 392, 98, 147], 4],
  [389, [196, 220, 277, 330, 55, 110], 4],
  [194, 110, 2],
  [194, [165, 196, 55, 110], 4],
  [194, [139, 165, 196, 220, 55, 110], 4],
  [584, 294, 2],
  [194, 349, 2],
  [194, [220, 294, 392, 73, 147], 4],
  [194, 147, 2],
  [97, [294, 392, 175], 3],
  [97, [220, 147], 2],
  [194, [294, 349, 440, 147], 4],
  [194, [294, 349, 440, 58, 117], 4],
  [194, 147, 2],
  [97, 175, 2],
  [97, [233, 147], 2],
  [194, [440, 117], 2],
  [194, [330, 392, 523, 65, 131], 4],
  [194, [587, 131], 2],
  [97, 165, 2],
  [97, [233, 330, 392, 196, 131], 4],
  [194, [349, 131], 2],
  [194, [262, 349, 440, 87, 175], 4],
  [194, 131, 2],
  [97, 131, 1],
  [97, [294, 220, 175], 3],
  [194, [349, 131], 2],
  [194, [220, 294, 392, 73, 147], 4],
  [194, 147, 2],
  [97, [294, 392, 175], 3],
  [97, [220, 147], 2],
  [194, [294, 349, 440, 147], 4],
  [194, [294, 349, 440, 58, 117], 4],
  [194, 147, 2],
  [97, 175, 2],
  [97, [233, 147], 2],
  [194, [440, 117], 2],
  [194, [330, 392, 466, 65, 131], 4],
  [194, [440, 131], 2],
  [97, 165, 2],
  [97, [233, 330, 392, 196, 131], 4],
  [194, [349, 131], 2],
  [194, [220, 262, 349, 87, 175], 4],
  [194, 131, 2],
  [97, 131, 1],
  [97, [220, 294, 87, 175], 4],
  [194, [349, 131], 2],
  [194, [220, 294, 392, 73, 147], 4],
  [194, 147, 2],
  [97, [294, 392, 175], 3],
  [97, [220, 147], 2],
  [194, [294, 349, 440, 147], 4],
  [194, [294, 349, 440, 58, 117], 4],
  [194, 147, 2],
  [97, 175, 2],
  [97, [233, 147], 2],
  [194, [440, 117], 2],
  [194, [330, 392, 523, 65, 131], 4],
  [194, [587, 131], 2],
  [97, 165, 2],
  [97, [233, 330, 392, 196, 131], 4],
  [194, [349, 131], 2],
  [194, [262, 349, 440, 87, 175], 4],
  [194, 131, 2],
  [97, 131, 1],
  [97, [294, 220, 175], 3],
  [194, [349, 131], 2],
  [194, [294, 349, 466, 58, 117], 4],
  [194, 147, 2],
  [97, 175, 2],
  [97, [294, 349, 440, 233, 117], 4],
  [194, 147, 2],
  [97, 175, 2],
  [97, [262, 330, 392, 55, 110], 4],
  [194, 131, 2],
  [97, 165, 2],
  [97, [262, 330, 349, 220, 110], 4],
  [194, 131, 2],
  [97, 165, 2],
  [97, [233, 294, 392, 58, 117], 4],
  [194, [440, 117], 2],
  [194, [233, 330, 65, 131], 4],
  [194, [262, 131], 2],
  [194, [175, 220, 294, 73, 147], 4],
  [194, 110, 2],
  [97, 147, 2],
  [97, [175, 220, 294, 73], 4],
  [194, [349, 147], 2],
  [194, [220, 294, 392, 73, 147], 4],
  [194, 147, 2],
  [97, [294, 392, 175], 3],
  [97, [220, 147], 2],
  [194, [294, 349, 440, 147], 4],
  [194, [294, 349, 440, 58, 117], 4],
  [194, 147, 2],
  [97, 175, 2],
  [97, [233, 147], 2],
  [194, [440, 117], 2],
  [194, [330, 392, 523, 65, 131], 4],
  [194, [587, 131], 2],
  [97, 165, 2],
  [97, [233, 330, 392, 196, 131], 4],
  [194, [349, 131], 2],
  [194, [262, 349, 440, 87, 175], 4],
  [194, 131, 2],
  [97, 131, 1],
  [97, [294, 220, 175], 3],
  [194, [349, 131], 2],
  [194, [220, 294, 392, 73, 147], 4],
  [194, 147, 2],
  [97, [294, 392, 175], 3],
  [97, [220, 147], 2],
  [194, [294, 349, 440, 147], 4],
  [194, [294, 349, 440, 58, 117], 4],
  [194, 147, 2],
  [97, 175, 2],
  [97, [233, 147], 2],
  [194, [440, 117], 2],
  [194, [330, 392, 466, 65, 131], 4],
  [194, [440, 131], 2],
  [97, 165, 2],
  [97, [233, 330, 392, 196, 131], 4],
  [194, [349, 131], 2],
  [194, [220, 262, 349, 87, 175], 4],
  [194, 131, 2],
  [97, 131, 1],
  [97, [220, 294, 87, 175], 4],
  [194, [349, 131], 2],
  [194, [220, 294, 392, 73, 147], 4],
  [194, 147, 2],
  [97, [294, 392, 175], 3],
  [97, [220, 147], 2],
  [194, [294, 349, 440, 147], 4],
  [194, [294, 349, 440, 58, 117], 4],
  [194, 147, 2],
  [97, 175, 2],
  [97, [233, 147], 2],
  [194, [440, 117], 2],
  [194, [330, 392, 523, 65, 131], 4],
  [194, [587, 131], 2],
  [97, 165, 2],
  [97, [233, 330, 392, 196, 131], 4],
  [194, [349, 131], 2],
  [194, [262, 349, 440, 87, 175], 4],
  [194, 131, 2],
  [97, 131, 1],
  [97, [294, 220, 175], 3],
  [194, [349, 131], 2],
  [194, [294, 349, 466, 58, 117], 4],
  [194, 147, 2],
  [97, 175, 2],
  [97, [294, 349, 440, 233, 117], 4],
  [194, 147, 2],
  [97, 175, 2],
  [97, [262, 330, 392, 55, 110], 4],
  [194, 131, 2],
  [97, 165, 2],
  [97, [262, 330, 349, 220, 110], 4],
  [194, 131, 2],
  [97, 165, 2],
  [97, [233, 294, 392, 58, 117], 4],
  [194, [349, 117], 2],
  [194, [262, 330, 440, 65, 131], 4],
  [194, [523, 131], 2],
  [194, [349, 440, 587, 73, 147], 4],
  [194, 110, 2],
  [97, 110, 1],
  [97, [175, 220, 73, 147], 4],
  [194, [73, 147], 2],
  [194, [784, 587, 392, 58, 117], 4],
  [194, [880, 440, 175, 233, 294], 4],
  [194, [587, 294, 117], 3],
  [97, 523, 2],
  [97, [587, 175, 233, 294], 4],
  [97, 523, 2],
  [97, [784, 392, 131, 65], 4],
  [194, [880, 440, 330, 262, 196], 4],
  [194, [587, 294, 131], 3],
  [97, 523, 2],
  [97, [587, 330, 262, 196], 4],
  [97, 523, 2],
  [97, [784, 587, 392, 147, 73], 4],
  [194, [880, 440, 294, 220, 175], 4],
  [194, [587, 294, 87], 3],
  [97, 523, 2],
  [97, [587, 294, 220, 175], 4],
  [97, 523, 2],
  [73, 440, 2],
  [17, [587, 175, 110], 4],
  [18, 659, 2],
  [17, 698, 2],
  [164, [659, 330, 220, 147], 4],
  [97, 698, 2],
  [48, 659, 2],
  [48, [294, 440, 587, 73], 4],
  [97, 110, 2],
  [97, [262, 523, 147], 4],
  [97, 110, 2],
  [97, [784, 587, 392, 58, 117], 4],
  [194, [880, 440, 175, 233, 294], 4],
  [194, [587, 294, 117], 3],
  [97, 523, 2],
  [97, [587, 175, 233, 294], 4],
  [97, 523, 2],
  [97, [784, 392, 131, 65], 4],
  [194, [880, 440, 330, 262, 196], 4],
  [194, [587, 294, 131], 3],
  [97, 523, 2],
  [97, [587, 330, 262, 196], 4],
  [97, 523, 2],
  [52, 698, 2],
  [44, [784, 392, 147, 73], 4],
  [194, [880, 440, 294, 220, 175], 4],
  [194, [1047, 523, 87], 3],
  [194, [1397, 698, 349, 294, 220], 4],
  [194, [1319, 1047, 659, 220, 110], 4],
  [97, [1397, 698], 2],
  [97, [1319, 659, 294, 175], 4],
  [97, [1175, 587], 2],
  [97, [1047, 880, 523, 220], 4],
  [97, 147, 2],
  [97, [880, 440, 110], 4],
  [97, 73, 2],
  [97, [784, 587, 392, 58, 117], 4],
  [194, [880, 440, 175, 233, 294], 4],
  [194, [587, 294, 117], 3],
  [97, 523, 2],
  [97, [587, 175, 233, 294], 4],
  [97, 523, 2],
  [97, [784, 392, 131, 65], 4],
  [194, [880, 440, 330, 262, 196], 4],
  [194, [587, 294, 131], 3],
  [97, 523, 2],
  [97, [587, 330, 262, 196], 4],
  [97, 523, 2],
  [97, [784, 587, 392, 147, 73], 4],
  [194, [880, 440, 294, 220, 175], 4],
  [194, [587, 294, 87], 3],
  [97, 523, 2],
  [97, [587, 294, 220, 175], 4],
  [97, 523, 2],
  [73, 440, 2],
  [17, [587, 175, 110], 4],
  [18, 659, 2],
  [17, 698, 2],
  [164, [659, 330, 220, 147], 4],
  [97, 698, 2],
  [48, 659, 2],
  [48, [294, 440, 587, 73], 4],
  [97, 110, 2],
  [97, [262, 523, 147], 4],
  [97, 110, 2],
  [97, [784, 587, 392, 58, 117], 4],
  [97, [698, 349], 2],
  [97, [880, 440, 175, 233, 294], 4],
  [97, [1047, 523], 2],
  [97, [1175, 587, 117], 3],
  [97, [1047, 523], 2],
  [97, [880, 440, 175, 233, 294], 4],
  [97, [784, 392], 2],
  [97, [587, 294, 131, 65], 4],
  [194, [698, 523, 349, 330, 262, 196], 4],
  [194, [784, 392, 65], 3],
  [97, 98, 2],
  [97, [880, 587, 440, 131], 4],
  [97, 165, 2],
  [97, [349, 440, 587, 73, 110, 147], 4],
  [97, 294, 2],
  [97, 294, 1],
  [97, [349, 440, 587, 73, 110, 147], 4],
  [97, 294, 2],
  [97, 294, 1],
  [97, [349, 440, 523, 87, 147], 4],
  [97, 294, 2],
  [97, [294, 349, 440, 587, 73, 110, 147], 4],
  [389, [37, 73], 2],
  [389, [175, 220, 294, 73, 147], 4],
  [389, [175, 220, 294, 73, 147], 1],
  [292, [175, 220, 262, 147], 4],
  [97, [294, 73, 147], 3],
  [97, [175, 220], 2],
  [97, [294, 349, 73, 147], 4],
  [194, [294, 349, 110, 147], 4],
  [194, [330, 392, 131, 175], 4],
  [194, [175, 233, 294, 58, 117], 4],
  [292, [58, 117], 2],
  [97, [175, 233, 294, 58, 117], 4],
  [292, 262, 2],
  [97, [165, 196, 294, 65, 131], 4],
  [194, [165, 196, 262], 3],
  [97, [65, 131], 2],
  [97, [165, 220, 65, 131], 4],
  [194, 262, 2],
  [194, [175, 220, 294, 73, 147], 4],
  [389, [175, 220, 294, 73, 147], 1],
  [292, [175, 220, 262, 147], 4],
  [97, [294, 73, 147], 3],
  [97, [175, 220], 2],
  [97, [294, 349, 73, 147], 4],
  [194, [330, 392, 131, 175], 4],
  [194, [349, 440, 147, 220], 4],
  [194, [233, 294, 440, 58, 117], 4],
  [292, 117, 2],
  [97, [233, 294, 392, 58, 117], 4],
  [194, 440, 2],
  [97, 392, 2],
  [97, [196, 262, 349, 65, 131], 4],
  [292, 131, 2],
  [97, [196, 262, 294, 65, 131], 4],
  [389, [175, 220, 294, 73, 147], 4],
  [194, [73, 147], 2],
  [97, 294, 2],
  [97, [175, 220, 294, 73, 147], 4],
  [292, [175, 220, 262, 147], 4],
  [97, [262, 73, 147], 3],
  [97, [175, 220], 2],
  [97, [294, 73, 147], 3],
  [194, [294, 349, 110, 147], 4],
  [194, [330, 392, 131, 175], 4],
  [194, [175, 233, 294, 58, 117], 4],
  [292, [294, 58, 117], 3],
  [97, [175, 233, 294, 58, 117], 4],
  [194, 262, 2],
  [194, [175, 196, 294, 65, 131], 4],
  [194, 262, 2],
  [97, [65, 131], 2],
  [97, [165, 196, 262, 65, 131], 4],
  [194, 220, 2],
  [194, [175, 220, 294, 73, 147], 4],
  [194, [73, 147], 2],
  [97, 294, 2],
  [97, [175, 220, 294, 73, 147], 4],
  [194, [175, 220, 262], 3],
  [97, 147, 2],
  [97, [262, 73, 147], 3],
  [97, [175, 220], 2],
  [97, [294, 73, 147], 3],
  [194, [294, 349, 110, 147], 4],
  [194, [330, 392, 131, 175], 4],
  [194, [233, 294, 440, 58, 117], 4],
  [194, [58, 117], 2],
  [194, [233, 294, 392, 58, 117], 4],
  [194, 440, 2],
  [97, [392, 117], 2],
  [97, [196, 262, 349, 65, 131], 4],
  [194, 65, 2],
  [97, 131, 2],
  [97, [196, 262, 294, 65], 4],
  [97, 131, 2],
  [97, 65, 2],
  [97, 131, 2],
  [97, [233, 349, 58], 4],
  [194, 117, 2],
  [194, [175, 233, 330, 58], 4],
  [292, 117, 2],
  [97, [175, 233, 294, 58], 4],
  [194, 117, 2],
  [194, [175, 233, 262, 58], 4],
  [292, 117, 2],
  [97, [175, 220, 262, 44], 4],
  [194, [175, 220, 262, 87], 4],
  [97, 294, 2],
  [97, [175, 220, 44], 4],
  [194, 196, 2],
  [97, 87, 2],
  [97, [175, 220, 87], 4],
  [194, 87, 2],
  [194, [131, 175, 87], 4],
  [194, 87, 2],
  [194, [175, 220, 58], 3],
  [194, [262, 117], 2],
  [194, [175, 233, 294, 58], 4],
  [292, 117, 2],
  [97, [233, 262, 392, 65], 4],
  [194, 131, 2],
  [194, [196, 262, 330, 65], 4],
  [194, 65, 2],
  [97, 131, 2],
  [97, [220, 294, 349, 73], 4],
  [194, [175, 147], 2],
  [194, [220, 294, 330, 73], 4],
  [97, [175, 147], 2],
  [97, [220, 262, 73], 3],
  [97, [175, 147], 2],
  [97, [196, 220, 294, 73], 4],
  [194, [175, 147], 2],
  [194, [220, 73], 2],
  [194, [175, 147], 2],
  [194, [233, 349, 58], 3],
  [194, 117, 2],
  [194, [175, 233, 330, 58], 4],
  [292, 117, 2],
  [97, [175, 233, 294, 58], 4],
  [194, 117, 2],
  [194, [175, 233, 262, 58], 4],
  [292, 117, 2],
  [97, [175, 220, 262, 44], 4],
  [194, [175, 220, 262, 87], 4],
  [97, 294, 2],
  [97, [175, 220, 44], 4],
  [194, 196, 2],
  [97, 87, 2],
  [97, [175, 220, 87], 4],
  [194, 87, 2],
  [194, [131, 220, 87], 3],
  [194, [262, 87], 2],
  [182, 175, 2],
  [12, [196, 49, 98], 4],
  [12, 233, 2],
  [12, 294, 2],
  [170, [196, 233, 294, 98], 4],
  [389, [196, 233, 294, 98], 1],
  [194, [220, 349, 98, 147], 4],
  [389, [233, 294, 392, 98, 147], 4],
  [389, [196, 220, 277, 330, 55, 110], 4],
  [194, 110, 2],
  [194, [165, 196, 55, 110], 4],
  [194, [139, 165, 196, 220, 55, 110], 4],
  [584, 294, 2],
  [194, 349, 2],
  [194, [220, 294, 392, 73, 147], 4],
  [194, 147, 2],
  [97, [294, 392, 175], 3],
  [97, [220, 147], 2],
  [194, [294, 349, 440, 147], 4],
  [194, [294, 349, 440, 58, 117], 4],
  [194, 147, 2],
  [97, 175, 2],
  [97, [233, 147], 2],
  [194, [440, 117], 2],
  [194, [330, 392, 523, 65, 131], 4],
  [194, [587, 131], 2],
  [97, 165, 2],
  [97, [233, 330, 392, 196, 131], 4],
  [194, [349, 131], 2],
  [194, [262, 349, 440, 87, 175], 4],
  [194, 131, 2],
  [97, 131, 1],
  [97, [294, 220, 175], 3],
  [194, [349, 131], 2],
  [194, [220, 294, 392, 73, 147], 4],
  [194, 147, 2],
  [97, [294, 392, 175], 3],
  [97, [220, 147], 2],
  [194, [294, 349, 440, 147], 4],
  [194, [294, 349, 440, 58, 117], 4],
  [194, 147, 2],
  [97, 175, 2],
  [97, [233, 147], 2],
  [194, [440, 117], 2],
  [194, [330, 392, 466, 65, 131], 4],
  [194, [440, 131], 2],
  [97, 165, 2],
  [97, [233, 330, 392, 196, 131], 4],
  [194, [349, 131], 2],
  [194, [220, 262, 349, 87, 175], 4],
  [194, 131, 2],
  [97, 131, 1],
  [97, [220, 294, 87, 175], 4],
  [194, [349, 131], 2],
  [194, [220, 294, 392, 73, 147], 4],
  [194, 147, 2],
  [97, [294, 392, 175], 3],
  [97, [220, 147], 2],
  [194, [294, 349, 440, 147], 4],
  [194, [294, 349, 440, 58, 117], 4],
  [194, 147, 2],
  [97, 175, 2],
  [97, [233, 147], 2],
  [194, [440, 117], 2],
  [194, [330, 392, 523, 65, 131], 4],
  [194, [587, 131], 2],
  [97, 165, 2],
  [97, [233, 330, 392, 196, 131], 4],
  [194, [349, 131], 2],
  [194, [262, 349, 440, 87, 175], 4],
  [194, 131, 2],
  [97, 131, 1],
  [97, [294, 220, 175], 3],
  [194, [349, 131], 2],
  [194, [294, 349, 466, 58, 117], 4],
  [194, 147, 2],
  [97, 175, 2],
  [97, [294, 349, 440, 233, 117], 4],
  [194, 147, 2],
  [97, 175, 2],
  [97, [262, 330, 392, 55, 110], 4],
  [194, 131, 2],
  [97, 165, 2],
  [97, [262, 330, 349, 220, 110], 4],
  [194, 131, 2],
  [97, 165, 2],
  [97, [233, 294, 392, 58, 117], 4],
  [194, [440, 117], 2],
  [194, [233, 330, 65, 131], 4],
  [194, [262, 131], 2],
  [194, [175, 220, 294, 73, 147], 4],
  [194, 110, 2],
  [97, 147, 2],
  [97, [175, 220, 294, 73], 4],
  [194, [349, 147], 2],
  [194, [220, 294, 392, 73, 147], 4],
  [194, 147, 2],
  [97, [294, 392, 175], 3],
  [97, [220, 147], 2],
  [194, [294, 349, 440, 147], 4],
  [194, [294, 349, 440, 58, 117], 4],
  [194, 147, 2],
  [97, 175, 2],
  [97, [233, 147], 2],
  [194, [440, 117], 2],
  [194, [330, 392, 523, 65, 131], 4],
  [194, [587, 131], 2],
  [97, 165, 2],
  [97, [233, 330, 392, 196, 131], 4],
  [194, [349, 131], 2],
  [194, [262, 349, 440, 87, 175], 4],
  [194, 131, 2],
  [97, 131, 1],
  [97, [294, 220, 175], 3],
  [194, [349, 131], 2],
  [194, [220, 294, 392, 73, 147], 4],
  [194, 147, 2],
  [97, [294, 392, 175], 3],
  [97, [220, 147], 2],
  [194, [294, 349, 440, 147], 4],
  [194, [294, 349, 440, 58, 117], 4],
  [194, 147, 2],
  [97, 175, 2],
  [97, [233, 147], 2],
  [194, [440, 117], 2],
  [194, [330, 392, 466, 65, 131], 4],
  [194, [440, 131], 2],
  [97, 165, 2],
  [97, [233, 330, 392, 196, 131], 4],
  [194, [349, 131], 2],
  [194, [220, 262, 349, 87, 175], 4],
  [194, 131, 2],
  [97, 131, 1],
  [97, [220, 294, 87, 175], 4],
  [194, [349, 131], 2],
  [194, [220, 294, 392, 73, 147], 4],
  [194, 147, 2],
  [97, [294, 392, 175], 3],
  [97, [220, 147], 2],
  [194, [294, 349, 440, 147], 4],
  [194, [294, 349, 440, 58, 117], 4],
  [194, 147, 2],
  [97, 175, 2],
  [97, [233, 147], 2],
  [194, [440, 117], 2],
  [194, [330, 392, 523, 65, 131], 4],
  [194, [587, 131], 2],
  [97, 165, 2],
  [97, [233, 330, 392, 196, 131], 4],
  [194, [349, 131], 2],
  [194, [262, 349, 440, 87, 175], 4],
  [194, 131, 2],
  [97, 131, 1],
  [97, [294, 220, 175], 3],
  [194, [349, 131], 2],
  [194, [294, 349, 466, 58, 117], 4],
  [194, 147, 2],
  [97, 175, 2],
  [97, [294, 349, 440, 233, 117], 4],
  [194, 147, 2],
  [97, 175, 2],
  [97, [262, 330, 392, 55, 110], 4],
  [194, 131, 2],
  [97, 165, 2],
  [97, [262, 330, 349, 220, 110], 4],
  [194, 131, 2],
  [97, 165, 2],
  [97, [233, 294, 392, 58, 117], 4],
  [194, [349, 117], 2],
  [194, [262, 330, 440, 65, 131], 4],
  [194, [523, 131], 2],
  [194, [349, 440, 587, 73, 147], 4],
  [194, 110, 2],
  [97, 110, 1],
  [97, [175, 220, 73, 147], 4],
  [194, [73, 147], 2],
  [158, 1109, 2],
  [36, [1175, 880, 147], 4],
  [17, 220, 2],
  [18, 294, 2],
  [17, 349, 2],
  [140, [1175, 880], 2],
  [194, [1175, 880], 1],
  [194, [1175, 880], 1],
  [194, [1175, 880, 117], 3],
  [16, 175, 2],
  [16, 233, 2],
  [16, 294, 2],
  [146, [1175, 880], 2],
  [194, [1175, 880], 1],
  [97, 1047, 2],
  [97, 880, 2],
  [158, 698, 2],
  [36, [784, 587, 131], 4],
  [16, 196, 2],
  [16, 262, 2],
  [16, 294, 2],
  [146, [784, 587], 2],
  [194, [784, 587], 1],
  [194, [784, 587], 1],
  [194, [784, 587, 147], 3],
  [16, 220, 2],
  [16, 294, 2],
  [162, [784, 587], 2],
  [194, [784, 587], 1],
  [97, 698, 2],
  [97, 587, 2],
  [194, [587, 440, 147], 4],
  [17, 175, 2],
  [18, 220, 2],
  [17, 294, 2],
  [140, [587, 440], 2],
  [194, [587, 554, 440], 3],
  [194, [587, 440], 2],
  [194, [587, 440, 117], 3],
  [16, 147, 2],
  [16, 175, 2],
  [16, 233, 2],
  [146, [587, 440], 2],
  [194, [587, 440], 1],
  [97, 523, 2],
  [97, 440, 2],
  [194, [392, 65, 131], 3],
  [194, [440, 131], 2],
  [97, 392, 2],
  [97, [440, 165, 196, 262], 4],
  [97, 523, 2],
  [97, [554, 131], 2],
  [97, 587, 2],
  [97, [659, 69, 139], 4],
  [97, 784, 2],
  [48, [880, 139], 2],
  [48, [1175, 165, 196, 277], 4],
  [97, 1397, 2],
  [97, [1319, 659, 139], 3],
  [97, [277, 233, 196], 3],
  [97, [1175, 587, 139], 3],
  [97, [1319, 659], 2],
  [97, [880, 147, 73], 3],
  [97, 698, 2],
  [97, [587, 294, 220, 175], 4],
  [97, 880, 2],
  [97, 147, 2],
  [97, 880, 2],
  [97, [698, 294, 220, 175], 4],
  [97, 587, 2],
  [97, [880, 110], 2],
  [97, 698, 2],
  [97, [587, 294, 220, 175], 4],
  [97, 880, 2],
  [97, 147, 2],
  [97, 880, 2],
  [97, [698, 294, 220, 175], 4],
  [97, 587, 2],
  [97, [932, 156, 78], 4],
  [97, 784, 2],
  [97, [622, 311, 233, 196], 4],
  [97, 932, 2],
  [97, 156, 2],
  [97, 932, 2],
  [97, [784, 311, 233, 196], 4],
  [97, 622, 2],
  [97, [932, 117], 2],
  [97, 784, 2],
  [97, [622, 311, 233, 196], 4],
  [97, 932, 2],
  [97, 156, 2],
  [97, 932, 2],
  [97, [784, 311, 233, 196], 4],
  [97, 622, 2],
  [97, [932, 58, 117], 4],
  [97, 698, 2],
  [97, [587, 175, 233, 294], 4],
  [97, 932, 2],
  [97, 117, 2],
  [97, 932, 2],
  [97, [698, 175, 233, 294], 4],
  [97, 587, 2],
  [97, [932, 117], 2],
  [97, 698, 2],
  [97, [587, 294, 233, 175], 4],
  [97, 932, 2],
  [97, 117, 2],
  [97, 932, 2],
  [97, [698, 294, 233, 175], 4],
  [97, 587, 2],
  [97, [784, 65, 131], 4],
  [97, 659, 2],
  [97, [523, 165, 196, 262], 4],
  [97, 784, 2],
  [97, 131, 2],
  [97, 784, 2],
  [97, [659, 165, 196, 262], 4],
  [97, 523, 2],
  [97, [880, 110, 55], 4],
  [97, 659, 2],
  [97, [554, 330, 277, 220], 4],
  [97, 880, 2],
  [97, 165, 2],
  [97, 880, 2],
  [97, [659, 330, 277, 220], 4],
  [97, 554, 2],
  [97, [880, 147, 73], 4],
  [97, 698, 2],
  [97, [587, 294, 220, 175], 4],
  [97, 880, 2],
  [97, [1175, 147], 2],
  [97, 880, 2],
  [97, [698, 294, 220, 175], 4],
  [97, 587, 2],
  [97, [784, 110], 2],
  [97, 698, 2],
  [97, [587, 294, 220, 175], 4],
  [97, 880, 2],
  [97, [1397, 87], 2],
  [64, 1319, 2],
  [64, 1175, 2],
  [64, [880, 294, 220, 175], 4],
  [97, 698, 2],
  [97, [932, 156, 78], 4],
  [97, 784, 2],
  [97, [622, 311, 233, 196], 4],
  [97, 932, 2],
  [48, 1175, 2],
  [48, [1245, 156], 2],
  [97, 932, 2],
  [97, [784, 311, 233, 196], 4],
  [97, 622, 2],
  [97, [932, 117], 2],
  [97, 784, 2],
  [97, [622, 311, 233, 196], 4],
  [97, 932, 2],
  [97, [1568, 98], 2],
  [64, 1397, 2],
  [64, 1245, 2],
  [64, [932, 311, 233, 196], 4],
  [97, 784, 2],
  [97, [1175, 58, 117], 4],
  [97, 932, 2],
  [97, [698, 175, 233, 294], 4],
  [97, 932, 2],
  [48, 1319, 2],
  [48, [1397, 117], 2],
  [97, 932, 2],
  [97, [1175, 175, 233, 294], 4],
  [97, 1397, 2],
  [97, [1865, 117], 2],
  [97, 1397, 2],
  [97, [1175, 294, 233, 175], 4],
  [97, 932, 2],
  [97, [932, 117], 2],
  [97, 784, 2],
  [97, [698, 294, 233, 175], 4],
  [97, 587, 2],
  [97, [262, 65, 131], 3],
  [194, [330, 165, 196, 262], 4],
  [97, 523, 2],
  [97, [466, 131], 2],
  [194, [523, 165, 196, 262], 4],
  [97, 587, 2],
  [97, [330, 110, 55], 4],
  [97, 392, 2],
  [97, [440, 330, 277, 220], 4],
  [97, 587, 2],
  [97, [880, 165], 2],
  [55, 932, 2],
  [56, 1047, 2],
  [55, 1175, 2],
  [28, [330, 277, 220], 4],
  [27, 1319, 2],
  [55, 1397, 2],
  [56, 1568, 2],
  [56, [1760, 117, 58], 4],
  [77, 1568, 2],
  [77, 1760, 2],
  [38, [440, 349, 294, 233], 4],
  [38, 1397, 2],
  [77, 1760, 2],
  [77, [1568, 175], 2],
  [77, 1760, 2],
  [77, 1397, 2],
  [38, [440, 349, 294, 233], 4],
  [38, 1319, 2],
  [77, 1175, 2],
  [77, [1568, 131, 65], 4],
  [77, 1397, 2],
  [77, 1568, 2],
  [38, [392, 330, 262], 4],
  [38, 1319, 2],
  [77, 1175, 2],
  [77, [1175, 196], 2],
  [64, 1047, 2],
  [64, 1175, 2],
  [64, [880, 392, 330, 262], 4],
  [64, 784, 2],
  [64, 880, 2],
  [64, [698, 147, 73], 4],
  [77, 880, 2],
  [77, 784, 2],
  [38, [349, 294, 220], 4],
  [38, 698, 2],
  [77, 784, 2],
  [77, [698, 175, 87], 4],
  [64, 784, 2],
  [64, 698, 2],
  [64, [784, 349, 294, 220], 4],
  [64, 880, 2],
  [64, 784, 2],
  [64, [587, 110], 2],
  [194, [294, 220, 175], 3],
  [194, 73, 2],
  [194, [233, 220, 175], 4],
  [64, 262, 2],
  [64, 277, 2],
  [64, [294, 58, 117], 4],
  [97, 330, 2],
  [97, [349, 147, 175], 4],
  [97, 294, 2],
  [48, 330, 2],
  [48, [349, 117], 2],
  [97, 294, 2],
  [97, [440, 147, 175], 4],
  [97, 294, 2],
  [97, [392, 65, 131], 4],
  [97, 440, 2],
  [97, [392, 165, 196], 4],
  [97, 587, 2],
  [48, 659, 2],
  [48, [698, 131], 2],
  [97, 659, 2],
  [97, [587, 165, 196], 4],
  [97, 698, 2],
  [52, 831, 2],
  [44, [880, 587, 147, 73], 4],
  [155, [880, 587], 2],
  [38, [294, 220, 175], 3],
  [116, [1047, 880, 831, 587], 4],
  [77, [165, 82], 2],
  [77, [880, 831, 587], 3],
  [116, [294, 220, 175], 3],
  [38, [1047, 880, 831, 587], 4],
  [155, 87, 2],
  [194, [294, 220, 175], 4],
  [194, 87, 2],
  [97, 110, 2],
  [97, [175, 220, 294, 87], 4],
  [97, 73, 2],
  [97, [294, 58, 117], 4],
  [97, 294, 2],
  [97, [262, 147, 175], 4],
  [97, 262, 2],
  [97, [392, 117], 2],
  [97, 392, 2],
  [97, [349, 147, 175], 4],
  [97, 349, 2],
  [97, [440, 65, 131], 4],
  [97, 440, 2],
  [97, [392, 165, 196], 4],
  [97, 392, 2],
  [97, [587, 131], 2],
  [97, 587, 2],
  [97, [523, 165, 196], 4],
  [97, 523, 2],
  [97, [784, 147, 73], 4],
  [97, 784, 2],
  [97, [698, 294, 220, 175], 4],
  [97, 698, 2],
  [97, [1175, 880, 587, 165, 82], 4],
  [129, [1109, 880, 554], 3],
  [64, [294, 220, 175], 3],
  [64, [1047, 880, 523], 3],
  [129, [523, 87], 2],
  [32, 659, 2],
  [32, 698, 2],
  [32, 880, 2],
  [32, 1047, 2],
  [64, [294, 220, 175], 4],
  [194, 87, 2],
  [97, 110, 2],
  [97, 87, 2],
  [97, 73, 2],
  [97, [698, 466, 58, 117], 4],
  [194, [587, 175, 233, 294], 4],
  [97, 466, 2],
  [97, [349, 117], 2],
  [97, 466, 2],
  [97, [587, 175, 233, 294], 4],
  [97, 698, 2],
  [97, [784, 131, 65], 4],
  [97, 659, 2],
  [97, [523, 330, 262, 196], 4],
  [97, 392, 2],
  [97, [392, 131], 2],
  [97, [523, 196], 2],
  [97, [659, 262], 2],
  [97, [784, 131], 2],
  [97, [880, 698, 587, 440, 147, 110, 73], 4],
  [194, 147, 2],
  [97, [831, 587, 440, 294, 220, 175], 4],
  [194, 73, 2],
  [97, [880, 587, 440, 147], 4],
  [97, [831, 587, 440], 3],
  [97, [880, 698, 587, 440, 73, 147], 4],
  [389, [37, 73], 2],
  [389, [233, 349, 58], 3],
  [194, 117, 2],
  [194, [175, 233, 330, 58], 4],
  [292, 117, 2],
  [97, [175, 233, 294, 58], 4],
  [194, 117, 2],
  [194, [175, 233, 262, 58], 4],
  [292, 117, 2],
  [97, [175, 220, 262, 44], 4],
  [194, [175, 220, 262, 87], 4],
  [97, 294, 2],
  [97, [175, 220, 44], 4],
  [194, 196, 2],
  [97, 87, 2],
  [97, [175, 220, 87], 4],
  [194, 87, 2],
  [194, [131, 175, 87], 4],
  [194, 87, 2],
  [194, [175, 220, 58], 3],
  [194, [262, 117], 2],
  [194, [175, 233, 294, 58], 4],
  [292, 117, 2],
  [97, [233, 262, 392, 65], 4],
  [194, 131, 2],
  [194, [196, 262, 330, 65], 4],
  [194, 65, 2],
  [97, 131, 2],
  [97, [220, 294, 349, 73], 4],
  [194, [175, 147], 2],
  [194, [220, 294, 330, 73], 4],
  [97, [175, 147], 2],
  [97, [220, 262, 73], 3],
  [97, [175, 147], 2],
  [97, [196, 220, 294, 73], 4],
  [194, [175, 147], 2],
  [194, [220, 73], 2],
  [194, [175, 147], 2],
  [194, [233, 349, 58], 3],
  [194, 117, 2],
  [194, [175, 233, 330, 58], 4],
  [292, 117, 2],
  [97, [175, 233, 294, 58], 4],
  [194, 117, 2],
  [194, [175, 233, 262, 58], 4],
  [292, 117, 2],
  [97, [175, 220, 262, 44], 4],
  [194, [175, 220, 262, 87], 4],
  [97, 294, 2],
  [97, [175, 220, 44], 4],
  [194, 196, 2],
  [97, 87, 2],
  [97, [175, 220, 87], 4],
  [194, 87, 2],
  [194, [131, 220, 87], 3],
  [194, [262, 87], 2],
  [182, 175, 2],
  [12, [196, 49, 98], 4],
  [12, 233, 2],
  [12, 294, 2],
  [170, [196, 233, 294, 98], 4],
  [389, [196, 233, 294, 98], 1],
  [194, [220, 349, 98, 147], 4],
  [389, [233, 294, 392, 98, 147], 4],
  [389, [196, 220, 277, 330, 55, 110], 4],
  [194, 110, 2],
  [194, [165, 196, 55, 110], 4],
  [194, [139, 165, 196, 220, 55, 110], 4],
  [584, 294, 2],
  [194, 349, 2],
  [194, [392, 147], 2],
  [292, 392, 2],
  [97, 220, 2],
  [194, [440, 147], 2],
  [194, [440, 117], 2],
  [389, 175, 2],
  [194, [440, 117], 2],
  [194, [523, 131], 2],
  [194, 587, 2],
  [194, [392, 196], 2],
  [194, [349, 131], 2],
  [194, [440, 87], 2],
  [389, [294, 175], 2],
  [194, [349, 131], 2],
  [194, [392, 147], 2],
  [292, 392, 2],
  [97, 220, 2],
  [194, [440, 147], 2],
  [194, [440, 117], 2],
  [389, 175, 2],
  [194, [440, 117], 2],
  [194, [466, 131], 2],
  [194, 440, 2],
  [194, [392, 196], 2],
  [194, [349, 131], 2],
  [194, [349, 87], 2],
  [389, [294, 87, 131, 175], 4],
  [194, [349, 87, 131, 175], 4],
  [194, [392, 73, 147], 3],
  [292, 392, 2],
  [97, [220, 175], 2],
  [194, [440, 147], 2],
  [194, [440, 58, 117], 3],
  [389, [220, 175], 2],
  [194, [440, 117], 2],
  [194, [523, 65, 131], 3],
  [194, 587, 2],
  [194, [392, 233, 196], 3],
  [194, [349, 131], 2],
  [194, [440, 87], 2],
  [389, [294, 220, 175], 3],
  [194, [349, 131], 2],
  [194, [466, 117, 58], 3],
  [194, 175, 2],
  [194, [440, 294, 233], 4],
  [194, 175, 2],
  [194, [392, 110, 55], 4],
  [194, 165, 2],
  [194, [349, 262, 196], 4],
  [194, 165, 2],
  [194, [392, 58, 117], 3],
  [194, [440, 175], 2],
  [194, [392, 65, 131], 3],
  [194, [440, 196], 2],
  [194, [440, 73, 147], 3],
  [389, [196, 330, 82, 123, 165], 4],
  [194, [392, 41], 2],
  [194, [247, 330, 440, 165, 82], 4],
  [194, 165, 2],
  [97, [330, 440, 196], 3],
  [97, [247, 165], 2],
  [194, [330, 392, 494, 165], 4],
  [194, [330, 392, 494, 131, 65], 4],
  [194, 165, 2],
  [97, 196, 2],
  [97, [262, 165], 2],
  [194, [494, 131], 2],
  [194, [370, 440, 587, 73, 147], 4],
  [194, [659, 147], 2],
  [97, 185, 2],
  [97, [262, 370, 440, 220, 147], 4],
  [194, [392, 147], 2],
  [194, [294, 392, 494, 98, 196], 4],
  [194, 147, 2],
  [97, 147, 1],
  [97, [330, 247, 196], 3],
  [194, [392, 147], 2],
  [194, [247, 330, 440, 165, 82], 4],
  [194, 165, 2],
  [97, [330, 440, 196], 3],
  [97, [247, 165], 2],
  [194, [330, 392, 494, 165], 4],
  [194, [330, 392, 494, 131, 65], 4],
  [194, 165, 2],
  [97, 196, 2],
  [97, [262, 165], 2],
  [194, [494, 131], 2],
  [194, [370, 440, 523, 73, 147], 4],
  [194, [494, 147], 2],
  [97, 185, 2],
  [97, [262, 370, 440, 220, 147], 4],
  [194, [392, 147], 2],
  [194, [247, 294, 392, 98, 196], 4],
  [194, 147, 2],
  [97, 147, 1],
  [97, [247, 330, 98, 196], 4],
  [194, [392, 147], 2],
  [194, [247, 330, 440, 165, 82], 4],
  [194, 165, 2],
  [97, [330, 440, 196], 3],
  [97, [247, 165], 2],
  [194, [330, 392, 494, 165], 4],
  [194, [330, 392, 494, 131, 65], 4],
  [194, 165, 2],
  [97, 196, 2],
  [97, [262, 165], 2],
  [194, [494, 131], 2],
  [194, [370, 440, 587, 73, 147], 4],
  [194, [659, 147], 2],
  [97, 185, 2],
  [97, [262, 370, 440, 220, 147], 4],
  [194, [392, 147], 2],
  [194, [294, 392, 494, 98, 196], 4],
  [194, 147, 2],
  [97, 147, 1],
  [97, [330, 247, 196], 3],
  [194, [392, 147], 2],
  [194, [330, 392, 523, 131, 65], 4],
  [194, 165, 2],
  [97, 196, 2],
  [97, [330, 392, 494, 262, 131], 4],
  [194, 165, 2],
  [97, 196, 2],
  [97, [294, 370, 440, 62, 123], 4],
  [194, 147, 2],
  [97, 185, 2],
  [97, [294, 370, 392, 247, 123], 4],
  [194, 147, 2],
  [97, 185, 2],
  [97, [262, 330, 440, 65, 131], 4],
  [194, [392, 131], 2],
  [194, [294, 370, 494, 73, 147], 4],
  [194, [587, 147], 2],
  [194, [659, 494, 392, 82, 165], 4],
  [194, 123, 2],
  [97, 123, 1],
  [97, [196, 247, 82, 165], 4],
  [194, [82, 165], 2],
  [194, [440, 65, 131], 3],
  [194, [494, 165, 196], 3],
  [194, [330, 131], 2],
  [97, 294, 2],
  [97, [330, 165, 196], 4],
  [97, 294, 2],
  [97, [440, 147, 73], 3],
  [194, [494, 220, 185], 3],
  [194, [330, 147], 2],
  [97, 294, 2],
  [97, [330, 220, 185], 4],
  [97, 294, 2],
  [97, [440, 165, 82], 3],
  [194, [494, 247, 196], 3],
  [194, [330, 98], 2],
  [97, 294, 2],
  [97, [330, 247, 196], 4],
  [97, 294, 2],
  [97, [196, 123], 2],
  [12, 370, 2],
  [12, 392, 2],
  [170, [370, 247, 165], 4],
  [97, 392, 2],
  [48, 370, 2],
  [48, [330, 196, 98], 3],
  [194, [294, 165, 123], 3],
  [194, [440, 65, 131], 3],
  [194, [494, 165, 196], 3],
  [194, [330, 131], 2],
  [97, 294, 2],
  [97, [330, 165, 196], 4],
  [97, 294, 2],
  [97, [440, 147, 73], 3],
  [194, [494, 220, 185], 3],
  [194, [330, 147], 2],
  [97, 294, 2],
  [97, [330, 220, 185], 4],
  [97, 294, 2],
  [97, [440, 82], 2],
  [194, [494, 247, 165], 3],
  [194, [587, 98], 2],
  [194, [784, 330, 196], 3],
  [194, [740, 247, 123], 3],
  [97, 784, 2],
  [97, [740, 294, 196], 4],
  [97, 659, 2],
  [97, [587, 330, 247, 165], 4],
  [194, [494, 165], 2],
  [97, 82, 2],
  [97, [440, 65, 131], 3],
  [194, [494, 165, 196], 3],
  [194, [330, 131], 2],
  [97, 294, 2],
  [97, [330, 165, 196], 4],
  [97, 294, 2],
  [97, [440, 147, 73], 3],
  [194, [494, 220, 185], 3],
  [194, [330, 147], 2],
  [97, 294, 2],
  [97, [330, 220, 185], 4],
  [97, 294, 2],
  [97, [440, 165, 82], 3],
  [194, [494, 247, 196], 3],
  [194, [330, 98], 2],
  [97, 294, 2],
  [97, [330, 247, 196], 4],
  [97, 294, 2],
  [97, [196, 123], 2],
  [12, 370, 2],
  [12, 392, 2],
  [170, [370, 247, 165], 4],
  [97, 392, 2],
  [48, 370, 2],
  [48, [330, 196, 98], 3],
  [194, [294, 165, 123], 3],
  [194, [330, 65, 131], 3],
  [194, [294, 165, 196], 3],
  [97, 330, 2],
  [97, [392, 131], 2],
  [194, [330, 165, 196], 3],
  [97, 440, 2],
  [97, [494, 147, 73], 3],
  [194, [440, 220, 185], 3],
  [97, 494, 2],
  [97, [587, 147], 2],
  [97, 784, 2],
  [97, [494, 220, 185], 4],
  [97, 587, 2],
  [97, [784, 494, 82, 123, 165], 4],
  [194, [740, 82], 2],
  [48, 784, 2],
  [48, [740, 123, 165], 4],
  [97, 659, 2],
  [194, [587, 494, 196, 147, 98], 4],
  [194, [659, 494, 82, 123, 165], 4],
  [194, 587, 2],
  [194, [659, 494, 165], 4],
  [97, 123, 2],
  [97, [784, 587, 98], 4],
  [97, 82, 2],
  [97, [880, 659, 440, 131, 65], 4],
  [194, [988, 494, 330, 262, 196], 4],
  [194, [659, 330, 131], 3],
  [97, 587, 2],
  [97, [659, 330, 262, 196], 4],
  [97, 587, 2],
  [97, [880, 440, 147, 73], 4],
  [194, [988, 494, 370, 294, 220], 4],
  [194, [659, 330, 147], 3],
  [97, 587, 2],
  [97, [659, 370, 294, 220], 4],
  [97, 587, 2],
  [97, [880, 659, 440, 165, 82], 4],
  [194, [988, 494, 330, 247, 196], 4],
  [194, [659, 330, 98], 3],
  [97, 587, 2],
  [97, [659, 330, 247, 196], 4],
  [97, 587, 2],
  [73, 494, 2],
  [17, [659, 196, 123], 4],
  [18, 740, 2],
  [17, 784, 2],
  [164, [740, 370, 247, 165], 4],
  [97, 784, 2],
  [48, 740, 2],
  [48, [330, 494, 659, 82], 4],
  [97, 123, 2],
  [97, [294, 587, 165], 4],
  [97, 123, 2],
  [97, [880, 659, 440, 131, 65], 4],
  [194, [988, 494, 330, 262, 196], 4],
  [194, [659, 330, 131], 3],
  [97, 587, 2],
  [97, [659, 330, 262, 196], 4],
  [97, 587, 2],
  [97, [880, 440, 147, 73], 4],
  [194, [988, 494, 370, 294, 220], 4],
  [194, [659, 330, 147], 3],
  [97, 587, 2],
  [97, [659, 370, 294, 220], 4],
  [97, 587, 2],
  [52, 784, 2],
  [44, [880, 440, 165, 82], 4],
  [194, [988, 494, 330, 247, 196], 4],
  [194, [1175, 587, 98], 3],
  [194, [1568, 784, 392, 330, 247], 4],
  [194, [1480, 1175, 740, 247, 123], 4],
  [97, [1568, 784], 2],
  [97, [1480, 740, 330, 196], 4],
  [97, [1319, 659], 2],
  [97, [1175, 988, 587, 247], 4],
  [97, 165, 2],
  [97, [988, 494, 123], 4],
  [97, 82, 2],
  [97, [880, 659, 440, 131, 65], 4],
  [194, [988, 494, 330, 262, 196], 4],
  [194, [659, 330, 131], 3],
  [97, 587, 2],
  [97, [659, 330, 262, 196], 4],
  [97, 587, 2],
  [97, [880, 440, 147, 73], 4],
  [194, [988, 494, 370, 294, 220], 4],
  [194, [659, 330, 147], 3],
  [97, 587, 2],
  [97, [659, 370, 294, 220], 4],
  [97, 587, 2],
  [97, [880, 659, 440, 165, 82], 4],
  [194, [988, 494, 330, 247, 196], 4],
  [194, [659, 330, 98], 3],
  [97, 587, 2],
  [97, [659, 330, 247, 196], 4],
  [97, 587, 2],
  [73, 494, 2],
  [17, [659, 196, 123], 4],
  [18, 740, 2],
  [17, 784, 2],
  [164, [740, 370, 247, 165], 4],
  [97, 784, 2],
  [48, 740, 2],
  [48, [330, 494, 659, 82], 4],
  [97, 123, 2],
  [97, [294, 587, 165], 4],
  [97, 123, 2],
  [97, [880, 659, 440, 131, 65], 4],
  [97, [784, 392], 2],
  [97, [988, 494, 330, 262, 196], 4],
  [97, [1175, 587], 2],
  [97, [1319, 659, 131], 3],
  [97, [1175, 587], 2],
  [97, [988, 494, 330, 262, 196], 4],
  [97, [880, 440], 2],
  [97, [659, 330, 147, 73], 4],
  [194, [784, 587, 392, 370, 294, 220], 4],
  [194, [880, 440, 73], 3],
  [97, 110, 2],
  [97, [988, 659, 494, 147], 4],
  [97, 185, 2],
  [97, [392, 494, 659, 82, 123, 165], 4],
  [97, 330, 2],
  [97, [330, 82], 2],
  [97, [392, 494, 659, 123, 165], 4],
  [97, 330, 2],
  [97, [330, 82], 2],
  [97, [392, 494, 587, 98, 165], 4],
  [97, 330, 2],
  [97, [330, 392, 494, 659, 98, 165], 4],
  [194, 82, 2],
  [194, [247, 196, 165], 3],
  [194, [294, 587], 2],
  [97, [311, 622], 2],
  [97, [392, 494, 659, 82, 123, 165], 4],
  [97, 330, 2],
  [97, 330, 1],
  [97, [392, 494, 659, 82, 123, 165], 4],
  [97, 330, 2],
  [97, 330, 1],
  [97, [392, 494, 587, 82, 123, 165], 4],
  [97, 622, 2],
  [97, [330, 392, 494, 659, 41, 82], 4],
];
