const beatmap = [
  [0, [196, 98, 147], 3],
  [1454, [247, 349, 466], 3],
  [181, [220, 294, 392], 3],
  [363, [466, 349, 247], 3],
  [181, [220, 294, 392], 3],
  [363, [466, 247, 349], 3],
  [181, [247, 294, 392], 3],
  [3090, [622], 2],
  [181, [523], 2],
  [727, [466], 2],
  [181, [523], 2],
  [181, [622], 2],
  [363, [523], 2],
  [727, [698], 2],
  [181, [784], 2],
  [363, [622], 2],
  [90, [587], 2],
  [90, [523], 2],
  [727, [392], 2],
  [181, [622], 2],
  [181, [523], 2],
  [363, [466], 2],
  [181, [523], 2],
  [363, [466], 2],
  [181, [523], 2],
  [363, [466], 2],
  [181, [698], 2],
  [181, [622], 2],
  [727, [698], 2],
  [181, [622], 2],
  [363, [523], 2],
  [181, [622], 2],
  [363, [523], 2],
  [181, [622], 2],
  [181, [698], 2],
  [181, [740], 2],
  [181, [784], 2],
  [181, [932], 2],
  [181, [784], 2],
  [909, [932], 2],
  [181, [784], 2],
  [909, [932], 2],
  [181, [784], 2],
  [181, [147, 196], 2],
  [181, [175, 233], 2],
  [181, [466, 622], 2],
  [181, [392, 523], 2],
  [727, [349, 466], 2],
  [181, [392, 523], 2],
  [181, [466, 622], 2],
  [363, [392, 523], 2],
  [727, [523, 698], 2],
  [181, [587, 784], 2],
  [363, [466, 622], 2],
  [90, [440, 587], 2],
  [90, [392, 523], 2],
  [727, [294, 392], 2],
  [181, [466, 622], 2],
  [181, [392, 523], 2],
  [363, [349, 466], 2],
  [181, [392, 523], 2],
  [363, [349, 466], 2],
  [181, [392, 523], 2],
  [363, [349, 466], 2],
  [181, [523, 698], 2],
  [181, [466, 622], 2],
  [727, [523, 698], 2],
  [181, [466, 622], 2],
  [363, [392, 523], 2],
  [181, [466, 622], 2],
  [363, [392, 523], 2],
  [181, [466, 622], 2],
  [181, [523, 698], 2],
  [181, [554, 740], 2],
  [181, [587, 784], 2],
  [181, [698, 932], 2],
  [181, [587, 784], 2],
  [909, [698, 932], 2],
  [181, [587, 784], 2],
  [909, [698, 932], 2],
  [181, [784, 587], 2],
  [363, [392, 466], 2],
  [181, [523, 415], 2],
  [181, [415, 523], 2],
  [181, [415, 523], 2],
  [181, [466, 587], 2],
  [181, [523, 622], 2],
  [181, [523, 622], 2],
  [181, [466, 587], 2],
  [181, [415, 523], 2],
  [181, [392, 466], 2],
  [181, [523, 392], 2],
  [363, [392, 311], 2],
  [909, [415, 523], 2],
  [181, [415, 523], 2],
  [181, [415, 523], 2],
  [181, [466, 587], 2],
  [181, [523, 622], 2],
  [181, [523, 622], 2],
  [181, [587, 698], 2],
  [181, [523, 622], 2],
  [181, [698, 587], 2],
  [181, [622, 784], 2],
  [363, [784, 622], 2],
  [727, [523, 622], 2],
  [90, [466, 587], 2],
  [90, [415, 523], 2],
  [181, [415, 523], 2],
  [181, [415, 523], 2],
  [181, [466, 587], 2],
  [181, [523, 622], 2],
  [181, [523, 622], 2],
  [181, [466, 587], 2],
  [181, [415, 523], 2],
  [181, [466, 392], 2],
  [181, [523, 392], 2],
  [363, [392, 311], 2],
  [727, [262, 311], 2],
  [90, [311, 392], 2],
  [90, [415, 523], 2],
  [181, [415, 523], 2],
  [181, [415, 523], 2],
  [181, [466, 587], 2],
  [181, [415, 523], 2],
  [181, [415, 523], 2],
  [181, [349, 466], 2],
  [181, [294, 392], 2],
  [181, [294, 349], 2],
  [181, [311, 392], 2],
  [181, [233, 311], 2],
  [181, [196, 262], 2],
  [909, [587], 2],
  [545, [523], 2],
  [90, [587], 2],
  [90, [466], 2],
  [363, [880], 2],
  [272, [698], 2],
  [90, [622], 2],
  [272, [698], 2],
  [90, [784], 2],
  [848, [523], 2],
  [109, [554], 2],
  [132, [587], 2],
  [545, [523], 2],
  [90, [587], 2],
  [90, [466], 2],
  [238, [880], 2],
  [268, [698], 2],
  [310, [1047], 2],
  [878, [523], 2],
  [242, [784], 2],
  [242, [1047], 2],
  [545, [932], 2],
  [90, [831], 2],
  [90, [784], 2],
  [272, [698], 2],
  [272, [784], 2],
  [181, [932], 2],
  [545, [831], 2],
  [90, [784], 2],
  [90, [698], 2],
  [272, [622], 2],
  [272, [698], 2],
  [181, [587], 2],
  [272, [784], 2],
  [90, [784], 2],
  [1090, [349, 466, 247], 3],
  [181, [294, 392, 220], 3],
  [363, [349, 466, 247], 3],
  [181, [294, 392, 220], 3],
  [363, [349, 466, 247], 3],
  [181, [294, 392, 247], 3],
  [181, [622], 2],
  [181, [523], 2],
  [727, [466], 2],
  [181, [523], 2],
  [181, [622], 2],
  [363, [523], 2],
  [727, [698], 2],
  [181, [784], 2],
  [363, [622], 2],
  [90, [587], 2],
  [90, [523], 2],
  [727, [392], 2],
  [181, [622], 2],
  [181, [523], 2],
  [363, [466], 2],
  [181, [523], 2],
  [363, [466], 2],
  [181, [523], 2],
  [363, [466], 2],
  [181, [698], 2],
  [181, [622], 2],
  [727, [698], 2],
  [181, [622], 2],
  [363, [523], 2],
  [181, [622], 2],
  [363, [523], 2],
  [181, [622], 2],
  [181, [698], 2],
  [181, [740], 2],
  [181, [784], 2],
  [181, [932], 2],
  [181, [784], 2],
  [909, [932], 2],
  [181, [784], 2],
  [909, [932], 2],
  [181, [784], 2],
  [181, [147, 196], 2],
  [181, [175, 233], 2],
  [181, [466, 622], 2],
  [181, [392, 523], 2],
  [727, [349, 466], 2],
  [181, [392, 523], 2],
  [181, [466, 622], 2],
  [363, [392, 523], 2],
  [727, [523, 698], 2],
  [181, [587, 784], 2],
  [363, [466, 622], 2],
  [90, [440, 587], 2],
  [90, [392, 523], 2],
  [727, [294, 392], 2],
  [181, [466, 622], 2],
  [181, [392, 523], 2],
  [363, [349, 466], 2],
  [181, [392, 523], 2],
  [363, [349, 466], 2],
  [181, [392, 523], 2],
  [363, [349, 466], 2],
  [181, [523, 698], 2],
  [181, [466, 622], 2],
  [727, [523, 698], 2],
  [181, [466, 622], 2],
  [363, [392, 523], 2],
  [181, [466, 622], 2],
  [363, [392, 523], 2],
  [181, [466, 622], 2],
  [181, [523, 698], 2],
  [181, [554, 740], 2],
  [181, [587, 784], 2],
  [181, [698, 932], 2],
  [181, [587, 784], 2],
  [909, [698, 932], 2],
  [181, [587, 784], 2],
  [909, [698, 932], 2],
  [181, [784, 587], 2],
  [363, [392, 466], 2],
  [181, [523, 415], 2],
  [181, [415, 523], 2],
  [181, [415, 523], 2],
  [181, [466, 587], 2],
  [181, [523, 622], 2],
  [181, [523, 622], 2],
  [181, [466, 587], 2],
  [181, [415, 523], 2],
  [181, [392, 466], 2],
  [181, [523, 392], 2],
  [363, [392, 311], 2],
  [909, [415, 523], 2],
  [181, [415, 523], 2],
  [181, [415, 523], 2],
  [181, [466, 587], 2],
  [181, [523, 622], 2],
  [181, [523, 622], 2],
  [181, [587, 698], 2],
  [181, [523, 622], 2],
  [181, [698, 587], 2],
  [181, [622, 784], 2],
  [363, [784, 622], 2],
  [727, [523, 622], 2],
  [90, [466, 587], 2],
  [90, [415, 523], 2],
  [181, [415, 523], 2],
  [181, [415, 523], 2],
  [181, [466, 587], 2],
  [181, [523, 622], 2],
  [181, [523, 622], 2],
  [181, [466, 587], 2],
  [181, [415, 523], 2],
  [181, [466, 392], 2],
  [181, [523, 392], 2],
  [363, [392, 311], 2],
  [727, [262, 311], 2],
  [90, [311, 392], 2],
  [90, [415, 523], 2],
  [181, [415, 523], 2],
  [181, [415, 523], 2],
  [181, [466, 587], 2],
  [181, [415, 523], 2],
  [181, [415, 523], 2],
  [181, [349, 466], 2],
  [181, [294, 392], 2],
  [181, [294, 349], 2],
  [181, [311, 392], 2],
  [181, [233, 311], 2],
  [181, [196, 262], 2],
  [909, [587], 2],
  [545, [523], 2],
  [90, [587], 2],
  [90, [466], 2],
  [363, [880], 2],
  [272, [698], 2],
  [90, [622], 2],
  [272, [698], 2],
  [90, [784], 2],
  [848, [523], 2],
  [109, [554], 2],
  [132, [587], 2],
  [545, [523], 2],
  [90, [587], 2],
  [90, [466], 2],
  [238, [880], 2],
  [268, [698], 2],
  [310, [1047], 2],
  [878, [523], 2],
  [242, [784], 2],
  [242, [1047], 2],
  [545, [932], 2],
  [90, [831], 2],
  [90, [784], 2],
  [272, [698], 2],
  [272, [784], 2],
  [181, [932], 2],
  [545, [831], 2],
  [90, [784], 2],
  [90, [698], 2],
  [272, [622], 2],
  [272, [698], 2],
  [181, [587], 2],
  [272, [784], 2],
  [90, [784], 2],
  [1090, [349, 466, 247], 3],
  [181, [294, 392, 220], 3],
  [363, [349, 466, 247], 3],
  [181, [294, 392, 220], 3],
  [363, [349, 466, 247], 3],
  [181, [294, 392, 247], 3],
];
