const beatmap = [
  [0, [587, 330, 220], 3],
  [681, [440, 554, 220, 330], 4],
  [227, [554, 440, 220, 330], 1],
  [1363, [554, 440, 330, 220], 1],
  [454, 659, 2],
  [454, 587, 2],
  [454, [554, 247, 311, 208], 4],
  [681, 494, 2],
  [227, 494, 1],
  [909, 277, 2],
  [113, 311, 2],
  [113, 349, 2],
  [113, 370, 2],
  [113, 349, 2],
  [113, 370, 2],
  [113, 415, 2],
  [113, 440, 2],
  [113, 415, 2],
  [113, 440, 2],
  [113, 494, 2],
  [113, 554, 2],
  [113, 494, 2],
  [113, 622, 2],
  [113, 698, 2],
  [113, 880, 2],
  [113, [988, 494, 185, 277, 220], 4],
  [681, [880, 440], 2],
  [227, [440, 880], 1],
  [909, [165, 220], 2],
  [454, [880, 440], 2],
  [454, [988, 494], 2],
  [454, [880, 440], 2],
  [454, [554, 1109, 165, 247, 330], 4],
  [681, [988, 494], 2],
  [227, [494, 988], 1],
  [909, [587, 294, 123, 165, 247], 4],
  [454, [740, 370, 123, 165, 247], 4],
  [454, [880, 440, 123, 165, 247], 4],
  [227, 110, 2],
  [227, 104, 2],
  [227, [185, 277, 370, 92], 4],
  [227, 92, 2],
  [454, [185, 370, 277, 46], 4],
  [454, 46, 2],
  [227, 208, 2],
  [227, [220, 46], 2],
  [227, [247, 46], 2],
  [227, 62, 2],
  [454, [494, 370, 247, 62], 4],
  [454, [554, 62], 2],
  [227, 494, 2],
  [227, [440, 62], 2],
  [227, 415, 2],
  [227, [370, 277, 185, 46], 4],
  [454, [185, 370, 277, 46], 1],
  [454, 46, 2],
  [227, 208, 2],
  [227, [220, 46], 2],
  [227, [247, 46], 2],
  [227, 62, 2],
  [454, [247, 494, 370, 62], 4],
  [454, 62, 2],
  [227, [440, 220], 2],
  [227, [494, 247, 62], 3],
  [227, [277, 554, 370, 440, 73], 4],
  [454, 147, 2],
  [454, 73, 2],
  [227, 147, 2],
  [227, [587, 294], 2],
  [227, [554, 277, 73], 3],
  [227, [247, 494, 415, 330, 69], 4],
  [454, 139, 2],
  [454, 69, 2],
  [227, 139, 2],
  [227, [277, 554], 2],
  [227, [494, 247, 69], 3],
  [227, [220, 440, 294, 370, 62], 4],
  [454, 123, 2],
  [454, 62, 2],
  [227, 123, 2],
  [227, [415, 208], 2],
  [227, [220, 440, 62], 3],
  [227, [659, 330, 82], 3],
  [454, [370, 277, 554, 82, 41], 4],
  [227, [370, 277, 554, 82, 41], 1],
  [454, [370, 277, 554, 41, 82], 1],
  [227, [370, 277, 554, 41, 82], 1],
  [454, [370, 277, 554, 41, 82], 1],
  [454, [554, 370, 277, 41, 82], 1],
  [227, [554, 370, 277, 41, 82], 1],
  [454, 880, 2],
  [454, [831, 123], 2],
  [227, 82, 2],
  [227, [880, 587, 740, 62], 4],
  [227, [440, 123], 2],
  [227, [370, 294, 62], 3],
  [227, [440, 123], 2],
  [227, [370, 294, 62], 3],
  [227, [440, 123], 2],
  [227, 62, 2],
  [227, [880, 123], 2],
  [227, [831, 659, 554, 82], 4],
  [227, 165, 2],
  [227, [880, 82], 2],
  [227, [831, 165], 2],
  [227, 82, 2],
  [227, [415, 330, 165], 3],
  [227, [330, 415, 82], 3],
  [227, 165, 2],
  [227, [330, 277, 69], 4],
  [227, 139, 2],
  [227, [330, 69], 2],
  [227, 139, 2],
  [227, [494, 69], 2],
  [227, 139, 2],
  [113, 440, 2],
  [113, 69, 2],
  [227, [415, 139], 2],
  [227, [415, 277, 92], 3],
  [227, 185, 2],
  [227, 92, 2],
  [227, [440, 277, 370, 185], 4],
  [227, 92, 2],
  [227, [370, 185], 2],
  [227, 92, 2],
  [227, [415, 185], 2],
  [227, [440, 294, 370, 62], 4],
  [227, 123, 2],
  [227, [294, 62], 2],
  [227, [440, 123], 2],
  [227, [277, 62], 2],
  [227, 123, 2],
  [113, 247, 2],
  [113, 62, 2],
  [227, [185, 123], 2],
  [227, [208, 175, 69], 3],
  [227, 139, 2],
  [227, [415, 69], 2],
  [227, 139, 2],
  [227, [370, 69], 2],
  [227, 139, 2],
  [227, [349, 69], 2],
  [227, 139, 2],
  [227, [415, 277, 92], 4],
  [227, 185, 2],
  [227, 92, 2],
  [227, [440, 185], 2],
  [227, 92, 2],
  [227, 185, 2],
  [227, 92, 2],
  [227, 185, 2],
  [227, [440, 370, 277, 92], 4],
  [227, 185, 2],
  [113, 92, 2],
  [113, 104, 2],
  [227, 208, 2],
  [113, 104, 2],
  [113, [880, 110], 2],
  [227, 220, 2],
  [113, 110, 2],
  [113, [831, 117], 2],
  [227, 233, 2],
  [113, 117, 2],
  [113, [740, 880, 587, 123], 4],
  [227, 247, 2],
  [227, [740, 123], 2],
  [227, 247, 2],
  [227, [880, 123], 2],
  [227, 247, 2],
  [227, [740, 123], 2],
  [227, [880, 247], 2],
  [227, [831, 659, 554, 82], 4],
  [227, 165, 2],
  [227, [880, 82], 2],
  [227, [831, 165], 2],
  [179, 1245, 2],
  [18, 1047, 2],
  [28, [1109, 1319, 82], 4],
  [227, 165, 2],
  [227, [1175, 988, 82], 3],
  [227, [1109, 880, 165], 3],
  [227, 69, 2],
  [227, 139, 2],
  [227, [494, 69], 2],
  [227, 139, 2],
  [227, [988, 69], 2],
  [227, 139, 2],
  [113, 880, 2],
  [113, 69, 2],
  [227, [831, 139], 2],
  [227, [831, 554, 92], 3],
  [227, 185, 2],
  [227, 92, 2],
  [227, [880, 554, 740, 185], 4],
  [227, 92, 2],
  [227, [740, 185], 2],
  [227, 92, 2],
  [113, 831, 2],
  [113, 185, 2],
  [227, [740, 587, 880, 62], 4],
  [227, 123, 2],
  [113, 587, 2],
  [113, 62, 2],
  [227, [880, 123], 2],
  [227, [554, 62], 2],
  [227, 123, 2],
  [113, 494, 2],
  [113, 65, 2],
  [227, [370, 131], 2],
  [227, [415, 349, 247, 69], 4],
  [227, 139, 2],
  [227, [415, 69], 2],
  [227, 139, 2],
  [227, [370, 69], 2],
  [227, 139, 2],
  [227, [349, 69], 2],
  [227, 139, 2],
  [227, [415, 277, 92], 4],
  [227, 185, 2],
  [227, 92, 2],
  [227, [370, 185], 2],
  [227, 92, 2],
  [227, 185, 2],
  [227, 92, 2],
  [227, 185, 2],
  [227, 92, 2],
  [227, 185, 2],
  [227, 92, 2],
  [56, 1047, 2],
  [18, 1976, 2],
  [37, 1760, 2],
  [18, 1568, 2],
  [17, 1397, 2],
  [18, 1319, 2],
  [18, 1175, 2],
  [37, [1047, 185], 2],
  [18, 988, 2],
  [36, 880, 2],
  [18, 784, 2],
  [17, 698, 2],
  [18, 659, 2],
  [18, 587, 2],
  [17, 523, 2],
  [18, 494, 2],
  [18, 440, 2],
  [36, 92, 2],
  [226, 92, 1],
  [227, 87, 2],
  [227, [330, 82, 165], 3],
  [681, [554, 82], 2],
  [454, [494, 82], 2],
  [340, 554, 2],
  [113, 82, 2],
  [227, 659, 2],
  [227, 82, 2],
  [227, 554, 2],
  [227, [494, 82], 2],
  [227, 440, 2],
  [227, [494, 82], 2],
  [227, 554, 2],
  [227, 82, 2],
  [454, [370, 92], 2],
  [454, [277, 185, 370, 46, 92], 4],
  [454, 46, 2],
  [227, 415, 2],
  [227, [440, 46], 2],
  [227, 494, 2],
  [227, 46, 2],
  [454, [440, 46], 2],
  [454, [415, 46], 2],
  [227, 440, 2],
  [227, [370, 46], 2],
  [227, 330, 2],
  [227, [82, 165], 2],
  [454, [554, 82], 2],
  [454, [494, 82], 2],
  [340, 554, 2],
  [113, 82, 2],
  [227, 659, 2],
  [227, 82, 2],
  [454, 82, 1],
  [454, [494, 82], 2],
  [113, 554, 2],
  [113, 587, 2],
  [113, 659, 2],
  [113, [740, 82], 2],
  [227, 659, 2],
  [227, [659, 440, 554, 110], 4],
  [454, 110, 2],
  [454, [277, 110], 2],
  [227, 330, 2],
  [227, [330, 110], 2],
  [227, 277, 2],
  [227, [370, 104], 2],
  [454, 104, 2],
  [227, 330, 2],
  [227, [330, 104], 2],
  [454, 104, 2],
  [227, 208, 2],
  [227, [392, 494, 98], 4],
  [454, 98, 2],
  [454, [277, 98], 2],
  [227, 330, 2],
  [227, [330, 98], 2],
  [227, [392, 196], 2],
  [227, [370, 494, 92], 3],
  [454, [392, 92], 2],
  [227, 370, 2],
  [227, [554, 92], 2],
  [227, 277, 2],
  [227, [294, 659, 92], 3],
  [227, [330, 185], 2],
  [227, [330, 659, 123], 3],
  [454, 123, 2],
  [227, [587, 294], 2],
  [227, [294, 587, 123], 3],
  [454, 123, 2],
  [454, [494, 392, 98], 4],
  [454, 98, 2],
  [454, 98, 1],
  [227, 277, 2],
  [227, [247, 98], 2],
  [227, 220, 2],
  [227, [277, 165], 2],
  [454, 165, 2],
  [227, 247, 2],
  [227, [247, 165], 2],
  [454, 82, 2],
  [227, 165, 2],
  [227, [880, 82], 2],
  [454, [740, 82], 2],
  [454, [587, 165], 2],
  [227, 123, 2],
  [227, [494, 82], 2],
  [454, [554, 440, 330, 55], 4],
  [454, 55, 2],
  [454, [554, 55], 2],
  [227, 659, 2],
  [227, [659, 55], 2],
  [227, 554, 2],
  [227, [740, 494, 52], 4],
  [454, 52, 2],
  [227, 659, 2],
  [227, [659, 52], 2],
  [454, [740, 52], 2],
  [227, 831, 2],
  [227, [880, 740, 554, 46], 4],
  [454, 46, 2],
  [227, 554, 2],
  [227, [554, 46], 2],
  [454, 46, 2],
  [227, 92, 2],
  [227, [494, 415, 82], 4],
  [454, 41, 2],
  [454, [659, 494, 415, 41], 4],
  [454, 41, 2],
  [227, 82, 2],
  [227, [370, 294, 73], 4],
  [227, 440, 2],
  [227, [440, 73], 2],
  [227, 440, 2],
  [227, [440, 73], 2],
  [340, 740, 2],
  [113, 73, 2],
  [227, 659, 2],
  [227, [440, 69], 2],
  [454, 69, 2],
  [454, 69, 1],
  [227, 587, 2],
  [227, [554, 69], 2],
  [227, 587, 2],
  [227, [554, 62], 2],
  [454, 62, 2],
  [227, 494, 2],
  [227, [494, 62], 2],
  [454, [370, 62], 2],
  [113, 415, 2],
  [113, 440, 2],
  [113, 494, 2],
  [113, [554, 415, 349, 277, 69], 4],
  [454, [415, 349, 277, 69], 4],
  [454, 139, 2],
  [227, 123, 2],
  [227, 110, 2],
  [227, [440, 370, 92], 3],
  [454, [554, 139], 2],
  [227, [554, 185], 2],
  [227, 554, 2],
  [227, [740, 92], 2],
  [227, 110, 2],
  [227, 880, 2],
  [227, [554, 349, 415, 87], 4],
  [454, 139, 2],
  [227, [587, 175], 2],
  [454, [554, 87], 2],
  [227, 110, 2],
  [454, [440, 330, 277, 82], 4],
  [454, [554, 139], 2],
  [227, [587, 165], 2],
  [227, 659, 2],
  [227, [740, 82], 2],
  [227, 110, 2],
  [227, 880, 2],
  [227, [494, 370, 78], 4],
  [454, 123, 2],
  [227, [554, 165], 2],
  [454, [494, 78], 2],
  [227, 156, 2],
  [227, 740, 2],
  [227, 831, 2],
  [227, [880, 740, 587, 73], 4],
  [340, 831, 2],
  [113, 147, 2],
  [227, 880, 2],
  [227, 73, 2],
  [227, 740, 2],
  [227, 147, 2],
  [113, 831, 2],
  [340, [880, 554, 659, 69], 4],
  [340, 831, 2],
  [113, 139, 2],
  [227, 880, 2],
  [227, 69, 2],
  [454, 139, 2],
  [454, [494, 587, 62], 3],
  [454, [740, 123], 2],
  [454, [740, 62], 2],
  [340, 831, 2],
  [113, 123, 2],
  [227, 880, 2],
  [227, [988, 659, 831, 165, 82], 4],
  [227, [880, 440], 2],
  [227, [831, 494, 988, 659, 82, 165], 4],
  [227, [880, 440, 659], 3],
  [227, [988, 831, 659, 494, 165, 82], 4],
  [227, [880, 440, 659], 3],
  [227, [82, 165], 2],
  [227, [831, 659, 554, 1109], 4],
  [227, [82, 165], 2],
  [227, [1109, 831, 659, 554, 82, 165], 4],
  [227, [988, 494, 587, 740, 82, 165], 4],
  [227, [82, 165], 2],
  [227, [880, 440, 659, 82, 165], 4],
  [227, [165, 82], 2],
  [227, [831, 659, 415, 165, 82], 4],
  [227, [165, 82], 2],
  [227, [440, 880, 587, 740, 62], 4],
  [227, 123, 2],
  [227, [370, 62], 2],
  [227, 123, 2],
  [227, [440, 62], 2],
  [227, 123, 2],
  [227, [370, 62], 2],
  [227, [880, 123], 2],
  [227, [831, 659, 554, 82], 4],
  [227, 165, 2],
  [227, [880, 82], 2],
  [227, [831, 165], 2],
  [179, 622, 2],
  [18, 523, 2],
  [28, [659, 554, 415, 82], 4],
  [227, 165, 2],
  [227, [587, 494, 82], 3],
  [227, [554, 440, 165], 3],
  [227, 69, 2],
  [227, 139, 2],
  [227, [330, 69], 2],
  [227, 139, 2],
  [227, [494, 69], 2],
  [227, 139, 2],
  [113, 440, 2],
  [113, 69, 2],
  [227, [415, 139], 2],
  [227, [277, 415, 330, 92], 4],
  [227, 185, 2],
  [227, 92, 2],
  [227, [440, 370, 277, 185], 4],
  [227, 92, 2],
  [227, [370, 185], 2],
  [227, 92, 2],
  [227, [415, 185], 2],
  [227, [440, 294, 370, 62], 4],
  [227, 123, 2],
  [227, [294, 62], 2],
  [227, [440, 123], 2],
  [227, [554, 440, 62], 3],
  [227, 123, 2],
  [113, [494, 415], 2],
  [113, 62, 2],
  [227, [370, 123, 147], 3],
  [227, [415, 349, 69], 3],
  [227, 139, 2],
  [227, [415, 69], 2],
  [227, 139, 2],
  [227, [370, 69], 2],
  [227, 139, 2],
  [227, [349, 69], 2],
  [227, 139, 2],
  [227, [415, 277, 92], 4],
  [227, 185, 2],
  [227, 92, 2],
  [227, [370, 185], 2],
  [227, 92, 2],
  [227, 185, 2],
  [227, 92, 2],
  [227, 185, 2],
  [227, [370, 82, 247], 3],
  [454, [370, 247, 82], 1],
  [1249, 880, 2],
  [75, 1109, 2],
  [37, [1319, 220], 2],
  [454, 220, 2],
  [454, [554, 220], 2],
  [227, 659, 2],
  [227, [659, 220], 2],
  [227, 554, 2],
  [227, [740, 208], 2],
  [454, 208, 2],
  [227, 659, 2],
  [227, [659, 208], 2],
  [454, 208, 2],
  [227, 208, 1],
  [151, 740, 2],
  [39, 784, 2],
  [37, [988, 196], 2],
  [454, 196, 2],
  [454, [554, 196], 2],
  [227, 659, 2],
  [228, [659, 196], 2],
  [227, [784, 196], 2],
  [227, [740, 988, 185], 3],
  [454, [784, 185], 2],
  [227, 740, 2],
  [227, [1109, 185], 2],
  [227, 554, 2],
  [227, [587, 1319, 185], 3],
  [227, [659, 185], 2],
  [227, [659, 1319, 247], 3],
  [454, 247, 2],
  [227, [587, 1175], 2],
  [113, [1319, 659], 2],
  [113, [587, 1175, 247], 3],
  [454, 247, 2],
  [454, [988, 784, 196], 4],
  [454, 196, 2],
  [454, 196, 1],
  [227, 554, 2],
  [227, [494, 196], 2],
  [227, 440, 2],
  [227, [554, 330], 2],
  [454, 330, 2],
  [227, 494, 2],
  [227, [494, 330], 2],
  [454, 165, 2],
  [227, 330, 2],
  [227, [1760, 165], 2],
  [454, [1480, 165], 2],
  [454, [1175, 330], 2],
  [227, 247, 2],
  [227, [988, 165], 2],
  [397, 1047, 2],
  [56, [880, 659, 1109, 110], 4],
  [454, 110, 2],
  [454, [554, 110], 2],
  [227, 659, 2],
  [227, [659, 110], 2],
  [227, 554, 2],
  [227, [740, 494, 104], 4],
  [454, 104, 2],
  [227, 659, 2],
  [227, [659, 104], 2],
  [454, [740, 104], 2],
  [227, 831, 2],
  [227, [880, 740, 554, 92], 4],
  [454, 92, 2],
  [227, 554, 2],
  [227, [554, 92], 2],
  [454, 92, 2],
  [227, 185, 2],
  [227, [494, 415, 165], 4],
  [454, 82, 2],
  [454, [659, 494, 415, 82], 4],
  [454, 82, 2],
  [227, 165, 2],
  [227, [370, 294, 73], 4],
  [227, 440, 2],
  [227, [440, 73], 2],
  [227, 440, 2],
  [227, [440, 73], 2],
  [340, 740, 2],
  [113, 73, 2],
  [227, 659, 2],
  [227, [440, 69], 2],
  [454, 69, 2],
  [454, 69, 1],
  [227, 587, 2],
  [227, [554, 69], 2],
  [227, 587, 2],
  [227, [554, 62], 2],
  [454, 62, 2],
  [227, 494, 2],
  [227, [494, 62], 2],
  [454, [370, 62], 2],
  [113, 415, 2],
  [113, 440, 2],
  [113, 494, 2],
  [113, [554, 415, 349, 277, 69], 4],
  [454, [554, 415, 349, 277, 69], 1],
  [454, 139, 2],
  [227, 123, 2],
  [227, 110, 2],
  [227, [440, 370, 92], 3],
  [454, [554, 139], 2],
  [227, [554, 185], 2],
  [227, 554, 2],
  [227, [740, 92], 2],
  [227, 110, 2],
  [227, 880, 2],
  [227, [554, 349, 415, 87], 4],
  [454, 139, 2],
  [227, [587, 175], 2],
  [454, [554, 87], 2],
  [227, 110, 2],
  [454, [440, 330, 277, 82], 4],
  [454, [554, 139], 2],
  [227, [554, 165], 2],
  [227, 554, 2],
  [227, [740, 82], 2],
  [227, 110, 2],
  [227, 880, 2],
  [227, [494, 370, 311, 78], 4],
  [454, 123, 2],
  [227, [554, 165], 2],
  [454, [494, 78], 2],
  [227, 156, 2],
  [227, 740, 2],
  [227, 831, 2],
  [227, [880, 740, 587, 73], 4],
  [340, 831, 2],
  [113, 147, 2],
  [227, 880, 2],
  [227, 73, 2],
  [227, 740, 2],
  [227, 147, 2],
  [113, 831, 2],
  [340, [880, 554, 659, 69], 4],
  [340, 831, 2],
  [113, 139, 2],
  [227, 880, 2],
  [227, 69, 2],
  [454, 139, 2],
  [454, [494, 587, 62], 3],
  [454, [740, 123], 2],
  [454, [740, 62], 2],
  [340, 831, 2],
  [113, 123, 2],
  [227, 880, 2],
  [227, [988, 659, 831, 165, 82], 4],
  [227, [880, 440], 2],
  [227, [831, 494, 988, 659, 82, 165], 4],
  [227, [880, 440, 659], 3],
  [227, [988, 831, 659, 494, 165, 82], 4],
  [227, [880, 440, 659], 3],
  [227, [82, 165], 2],
  [227, [831, 659, 554, 1109], 4],
  [227, [82, 165], 2],
  [227, [1109, 831, 659, 554, 82, 165], 4],
  [227, [988, 494, 587, 740, 82, 165], 4],
  [227, [82, 165], 2],
  [227, [880, 440, 659, 82, 165], 4],
  [227, [165, 82], 2],
  [227, [831, 659, 415, 165, 82], 4],
  [227, [165, 82], 2],
  [227, [440, 880, 587, 740, 62], 4],
  [227, 123, 2],
  [227, [370, 62], 2],
  [227, 123, 2],
  [227, [440, 62], 2],
  [227, 123, 2],
  [227, [370, 62], 2],
  [227, [880, 123], 2],
  [227, [831, 659, 554, 82], 4],
  [227, 165, 2],
  [227, [880, 82], 2],
  [227, [831, 165], 2],
  [179, 622, 2],
  [18, 523, 2],
  [28, [659, 554, 415, 82], 4],
  [227, 165, 2],
  [227, [587, 494, 82], 3],
  [227, [554, 440, 165], 3],
  [227, 69, 2],
  [227, 139, 2],
  [227, [330, 69], 2],
  [227, 139, 2],
  [227, [494, 69], 2],
  [227, 139, 2],
  [113, 440, 2],
  [113, 69, 2],
  [227, [415, 139], 2],
  [227, [277, 415, 330, 92], 4],
  [227, 185, 2],
  [227, 92, 2],
  [227, [440, 370, 277, 185], 4],
  [227, 92, 2],
  [227, [370, 185], 2],
  [227, 92, 2],
  [227, [415, 185], 2],
  [227, [440, 294, 370, 62], 4],
  [227, 123, 2],
  [227, [294, 62], 2],
  [227, [440, 123], 2],
  [227, [554, 440, 62], 3],
  [227, 123, 2],
  [113, [494, 415], 2],
  [113, 62, 2],
  [227, [370, 123], 2],
  [227, [415, 349, 69], 3],
  [227, 139, 2],
  [227, [415, 69], 2],
  [227, 139, 2],
  [227, [370, 69], 2],
  [227, 139, 2],
  [227, [349, 69], 2],
  [227, 139, 2],
  [227, [415, 277, 92], 4],
  [227, 185, 2],
  [227, 92, 2],
  [227, [440, 185], 2],
  [227, 92, 2],
  [227, 185, 2],
  [227, 92, 2],
  [227, 185, 2],
  [227, [1760, 92], 2],
  [227, 185, 2],
  [227, [1661, 92], 2],
  [227, 185, 2],
  [227, [1480, 92], 2],
  [227, 185, 2],
  [227, [740, 92], 2],
  [113, 740, 2],
  [113, [831, 185], 2],
  [113, 831, 2],
  [113, [880, 740, 587, 62], 4],
  [227, 123, 2],
  [227, 62, 2],
  [227, 123, 2],
  [227, 62, 2],
  [227, [740, 123], 2],
  [227, [740, 62], 2],
  [227, [554, 123], 2],
  [227, [659, 494, 415, 82], 4],
  [227, 165, 2],
  [113, 740, 2],
  [113, 82, 2],
  [227, 165, 2],
  [227, [494, 415, 82], 3],
  [227, [554, 165], 2],
  [227, 82, 2],
  [113, 659, 2],
  [113, 165, 2],
  [227, [740, 69], 2],
  [227, [880, 139], 2],
  [227, [880, 69], 2],
  [227, [659, 139], 2],
  [113, 740, 2],
  [113, 69, 2],
  [113, 740, 2],
  [113, [554, 139], 2],
  [227, [659, 69], 2],
  [227, [494, 139], 2],
  [113, [554, 330, 440], 3],
  [113, 92, 2],
  [227, 185, 2],
  [227, 92, 2],
  [227, 185, 2],
  [227, 92, 2],
  [227, 185, 2],
  [227, [554, 92], 2],
  [113, 587, 2],
  [113, [659, 185], 2],
  [113, [740, 587], 2],
  [113, 73, 2],
  [113, 740, 2],
  [113, [659, 147], 2],
  [227, [740, 73], 2],
  [227, [659, 147], 2],
  [227, [880, 587, 73], 3],
  [227, 147, 2],
  [113, 740, 2],
  [113, 73, 2],
  [227, 147, 2],
  [227, 69, 2],
  [189, 1047, 2],
  [37, [1109, 139], 2],
  [227, [988, 69], 2],
  [227, [880, 139], 2],
  [227, [988, 69], 2],
  [227, [1109, 139], 2],
  [113, 988, 2],
  [113, 69, 2],
  [227, 139, 2],
  [227, [740, 587, 62], 3],
  [227, [988, 123], 2],
  [113, 880, 2],
  [113, 62, 2],
  [113, 880, 2],
  [113, [740, 123], 2],
  [227, [740, 62], 2],
  [113, 659, 2],
  [113, 123, 2],
  [113, 659, 2],
  [113, [554, 62], 2],
  [227, [494, 123], 2],
  [170, 523, 2],
  [56, [554, 415, 82], 4],
  [227, 165, 2],
  [113, 494, 2],
  [113, 82, 2],
  [227, 165, 2],
  [227, 82, 2],
  [227, 165, 2],
  [227, 82, 2],
  [227, [1047, 698, 880, 87], 4],
  [454, 175, 2],
  [227, 87, 2],
  [227, 175, 2],
  [227, [349, 87], 2],
  [113, 392, 2],
  [113, [440, 175], 2],
  [113, 466, 2],
  [113, [440, 87], 2],
  [113, 466, 2],
  [113, [523, 175], 2],
  [113, 587, 2],
  [113, [523, 87], 2],
  [113, 587, 2],
  [113, [622, 175], 2],
  [113, 698, 2],
  [113, [622, 87], 2],
  [113, 698, 2],
  [113, [784, 175], 2],
  [113, 880, 2],
  [113, [932, 87], 2],
  [227, 175, 2],
  [227, [880, 87], 2],
  [227, 175, 2],
  [227, [784, 622, 932, 523, 65, 131], 4],
  [1590, [698, 622, 523, 932, 131, 65], 4],
  [227, [880, 523, 622, 698, 44, 87], 4],
  [454, 932, 2],
  [227, 880, 2],
  [454, [1047, 880, 698, 622, 87, 44], 4],
  [681, [880, 698, 587, 1047, 37, 73], 4],
  [454, 698, 2],
  [454, 1047, 2],
  [340, 932, 2],
  [340, [698, 587, 523, 880, 73, 37], 4],
  [227, [466, 587, 698, 880, 98, 49], 4],
  [454, 932, 2],
  [227, 932, 1],
  [454, 784, 2],
  [454, [880, 49, 98], 3],
  [227, [784, 622, 523, 932, 131, 65], 4],
  [340, 622, 2],
  [340, 932, 2],
  [1003, 185, 2],
  [75, 220, 2],
  [56, [294, 262, 370], 4],
  [454, 880, 2],
  [454, 784, 2],
  [454, 740, 2],
  [454, [880, 294, 440, 196, 233], 4],
  [681, 784, 2],
  [1363, [622, 784, 466, 131], 4],
  [227, [622, 784, 466, 131], 1],
  [227, [784, 622, 466, 131], 1],
  [227, [622, 784, 466, 932, 131], 4],
  [227, [784, 622, 466, 131], 4],
  [227, [466, 622, 784, 880, 131], 4],
  [227, [784, 622, 466, 98], 4],
  [227, [622, 932, 784, 65], 4],
  [340, 131, 2],
  [113, 622, 2],
  [227, [156, 196], 2],
  [227, 784, 2],
  [227, 65, 2],
  [227, [622, 131], 2],
  [227, 932, 2],
  [227, [880, 698, 587, 87], 4],
  [340, 175, 2],
  [113, 932, 2],
  [227, [880, 220], 2],
  [113, 262, 2],
  [66, 659, 2],
  [18, 554, 2],
  [28, [587, 698], 2],
  [227, 87, 2],
  [227, [622, 523, 175], 3],
  [227, [466, 587], 2],
  [227, 73, 2],
  [340, 147, 2],
  [113, 349, 2],
  [227, [220, 175], 2],
  [227, 523, 2],
  [227, 73, 2],
  [113, 466, 2],
  [113, 147, 2],
  [227, 440, 2],
  [227, [294, 440, 98], 4],
  [340, 196, 2],
  [340, [294, 466, 392, 233], 4],
  [454, [392, 98], 2],
  [227, 73, 2],
  [227, 440, 2],
  [227, [392, 311, 466, 65], 4],
  [340, 131, 2],
  [113, 311, 2],
  [227, [466, 196, 156], 4],
  [189, 1109, 2],
  [37, [1175, 587], 2],
  [227, 110, 2],
  [113, [523, 1047], 2],
  [113, 156, 2],
  [227, [392, 784], 2],
  [227, [740, 880, 370, 440, 73], 4],
  [340, 147, 2],
  [113, [440, 880], 2],
  [227, [185, 220], 2],
  [227, [392, 784], 2],
  [227, 73, 2],
  [227, [370, 740, 147], 3],
  [454, [440, 880, 587, 98], 4],
  [340, 196, 2],
  [340, [466, 932, 233, 220], 4],
  [454, 98, 2],
  [227, 147, 2],
  [454, [784, 587, 466, 98], 4],
  [227, 196, 2],
  [227, 87, 2],
  [227, 175, 2],
  [227, [932, 78], 2],
  [227, 156, 2],
  [227, [880, 73], 2],
  [227, 147, 2],
  [227, [784, 932, 622, 65], 4],
  [340, 131, 2],
  [113, 784, 2],
  [227, [196, 156], 2],
  [227, 932, 2],
  [227, 65, 2],
  [227, [784, 131], 2],
  [227, 932, 2],
  [227, [880, 698, 587, 87], 4],
  [340, 175, 2],
  [113, 932, 2],
  [227, [880, 220], 2],
  [113, 262, 2],
  [66, 1319, 2],
  [18, 1109, 2],
  [28, [1175, 1397], 2],
  [227, 87, 2],
  [227, [1245, 1047, 175], 3],
  [227, [1175, 932], 2],
  [227, 73, 2],
  [340, 147, 2],
  [113, 523, 2],
  [227, [220, 175], 2],
  [227, [1047, 880], 2],
  [227, 73, 2],
  [113, [932, 784], 2],
  [113, 147, 2],
  [227, [880, 698], 2],
  [227, [880, 587, 698, 98], 4],
  [340, 196, 2],
  [340, [932, 587, 784, 233], 4],
  [454, [784, 98], 2],
  [227, 73, 2],
  [227, 880, 2],
  [227, [622, 932, 784, 65], 4],
  [340, [622, 131], 2],
  [340, [932, 196, 156], 3],
  [227, 587, 2],
  [227, 110, 2],
  [113, 523, 2],
  [113, 156, 2],
  [227, [392, 78], 2],
  [227, [440, 370, 262, 73], 4],
  [340, 147, 2],
  [113, 440, 2],
  [227, [185, 220], 2],
  [227, 392, 2],
  [227, 73, 2],
  [227, [370, 147], 2],
  [454, [440, 294, 98], 3],
  [340, 196, 2],
  [340, [233, 220, 392], 3],
];
