const beatmap = [
  [5, 294, 1],
  [141, 294, 1],
  [122, 587, 2],
  [250, 440, 2],
  [370, 415, 2],
  [258, 392, 2],
  [242, 349, 2],
  [253, 294, 2],
  [122, 349, 2],
  [122, 392, 2],
  [129, 262, 2],
  [143, 262, 1],
  [122, 587, 2],
  [250, 440, 2],
  [370, 415, 2],
  [258, 392, 2],
  [242, 349, 2],
  [253, 294, 2],
  [122, 349, 2],
  [122, 392, 2],
  [129, 247, 2],
  [143, 247, 1],
  [122, 587, 2],
  [250, 440, 2],
  [370, 415, 2],
  [258, 392, 2],
  [242, 349, 2],
  [253, 294, 2],
  [122, 349, 2],
  [122, 392, 2],
  [129, 233, 2],
  [143, 233, 1],
  [122, 587, 2],
  [250, 440, 2],
  [370, 415, 2],
  [258, 392, 2],
  [242, 349, 2],
  [253, 294, 2],
  [122, 349, 2],
  [122, 392, 2],
  [129, 294, 2],
  [143, 294, 1],
  [122, 587, 2],
  [250, 440, 2],
  [370, 415, 2],
  [258, 392, 2],
  [242, 349, 2],
  [253, 294, 2],
  [122, 349, 2],
  [122, 392, 2],
  [129, 262, 2],
  [143, 262, 1],
  [122, 587, 2],
  [250, 440, 2],
  [370, 415, 2],
  [258, 392, 2],
  [242, 349, 2],
  [253, 294, 2],
  [122, 349, 2],
  [122, 392, 2],
  [129, 247, 2],
  [143, 247, 1],
  [122, 587, 2],
  [250, 440, 2],
  [370, 415, 2],
  [258, 392, 2],
  [242, 349, 2],
  [253, 294, 2],
  [122, 349, 2],
  [122, 392, 2],
  [129, 233, 2],
  [143, 233, 1],
  [122, 587, 2],
  [250, 440, 2],
  [370, 415, 2],
  [258, 392, 2],
  [242, 349, 2],
  [253, 294, 2],
  [122, 349, 2],
  [122, 392, 2],
  [129, 294, 2],
  [143, 294, 1],
  [122, 587, 2],
  [250, 440, 2],
  [370, 415, 2],
  [258, 392, 2],
  [242, 349, 2],
  [253, 294, 2],
  [122, 349, 2],
  [122, 392, 2],
  [129, 262, 2],
  [143, 262, 1],
  [122, [587, 1175], 2],
  [250, [440, 880], 2],
  [370, [415, 831], 2],
  [258, [392, 784], 2],
  [242, [349, 698], 2],
  [253, [294, 587], 2],
  [122, [349, 698], 2],
  [122, [392, 784], 2],
  [129, 247, 2],
  [143, 247, 1],
  [122, [587, 1175], 2],
  [250, [440, 880], 2],
  [370, [415, 831], 2],
  [258, [392, 784], 2],
  [242, [349, 698], 2],
  [253, [294, 587], 2],
  [122, [349, 698], 2],
  [122, [392, 784], 2],
  [129, 233, 2],
  [143, 233, 1],
  [122, [587, 1175], 2],
  [250, [440, 880], 2],
  [370, [415, 831], 2],
  [258, [392, 784], 2],
  [242, [349, 698], 2],
  [253, [294, 587], 2],
  [122, [349, 698], 2],
  [122, [392, 784], 2],
  [129, [294, 587], 2],
  [143, [294, 587], 1],
  [122, [587, 1175], 2],
  [250, [440, 880], 2],
  [370, [415, 831], 2],
  [258, [392, 784], 2],
  [242, [349, 698], 2],
  [253, [294, 587], 2],
  [122, [349, 698], 2],
  [122, [392, 784], 2],
  [129, [262, 523], 2],
  [143, [262, 523], 1],
  [122, [587, 1175], 2],
  [250, [440, 880], 2],
  [370, [415, 831], 2],
  [258, [392, 784], 2],
  [242, [349, 698], 2],
  [253, [294, 587], 2],
  [122, [349, 698], 2],
  [122, [392, 784], 2],
  [129, [247, 494], 2],
  [143, [247, 494], 1],
  [122, [587, 1175], 2],
  [250, [440, 880], 2],
  [370, [415, 831], 2],
  [258, [392, 784], 2],
  [242, [349, 698], 2],
  [253, [294, 587], 2],
  [122, [349, 698], 2],
  [122, [392, 784], 2],
  [129, [233, 466], 2],
  [143, [233, 466], 1],
  [122, [587, 1175], 2],
  [250, [440, 880], 2],
  [370, [415, 831], 2],
  [258, [392, 784], 2],
  [242, [349, 698], 2],
  [253, [294, 587], 2],
  [122, [349, 698], 2],
  [122, [392, 784], 2],
  [129, 698, 2],
  [266, 698, 1],
  [123, 698, 1],
  [254, 698, 1],
  [242, 698, 1],
  [258, 587, 2],
  [242, 587, 1],
  [627, 698, 2],
  [266, 698, 1],
  [123, 698, 1],
  [254, 784, 2],
  [242, 831, 2],
  [379, 698, 2],
  [122, 587, 2],
  [127, 698, 2],
  [126, 784, 2],
  [374, 698, 2],
  [266, 698, 1],
  [123, 698, 1],
  [254, 784, 2],
  [242, 831, 2],
  [258, 880, 2],
  [242, 1047, 2],
  [253, 880, 2],
  [374, 1175, 2],
  [266, 1175, 1],
  [250, 1175, 1],
  [127, 880, 2],
  [120, 1175, 2],
  [122, 1047, 2],
  [1129, [698, 880], 2],
  [266, [698, 880], 1],
  [123, [698, 880], 1],
  [254, [698, 880], 1],
  [242, [698, 880], 1],
  [258, [587, 784], 2],
  [242, [587, 784], 1],
  [627, [698, 880], 2],
  [266, [698, 880], 1],
  [123, [698, 880], 1],
  [254, [698, 880], 1],
  [242, [587, 784], 2],
  [258, [698, 880], 2],
  [242, [659, 1175], 2],
  [253, [587, 880], 2],
  [122, [523, 784], 2],
  [252, [988, 1175], 2],
  [143, 784, 2],
  [123, [587, 880], 2],
  [123, 659, 2],
  [127, [698, 784], 2],
  [127, 587, 2],
  [120, [494, 698], 2],
  [122, 587, 2],
  [128, 1047, 2],
  [129, 587, 2],
  [120, [494, 784], 2],
  [122, 587, 2],
  [127, [494, 698], 2],
  [126, 392, 2],
  [122, [494, 659], 2],
  [122, 392, 2],
  [129, 466, 2],
  [266, 523, 2],
  [123, [466, 587], 2],
  [254, [587, 698], 2],
  [242, [659, 1047], 2],
  [2145, [587, 698], 2],
  [129, [466, 587], 2],
  [120, [587, 698], 2],
  [122, [659, 784], 2],
  [127, [698, 831], 2],
  [126, [659, 784], 2],
  [122, [587, 698], 2],
  [122, [466, 587], 2],
  [129, 831, 2],
  [266, [587, 698], 2],
  [250, [659, 784], 2],
  [1125, 831, 2],
  [245, 880, 2],
  [129, 1047, 2],
  [266, 880, 2],
  [123, 831, 2],
  [127, 784, 2],
  [127, 698, 2],
  [120, 587, 2],
  [122, 659, 2],
  [128, 698, 2],
  [250, 784, 2],
  [249, 880, 2],
  [248, 1047, 2],
  [252, 1109, 2],
  [266, 831, 2],
  [250, 831, 1],
  [127, 784, 2],
  [120, 698, 2],
  [122, 784, 2],
  [1129, [294, 349], 2],
  [266, [330, 392], 2],
  [250, [349, 440], 2],
  [248, [587, 698], 2],
  [250, [523, 659], 2],
  [500, [440, 587], 2],
  [500, [392, 659], 2],
  [517, [440, 698], 2],
  [498, [523, 784], 2],
  [500, [440, 659], 2],
  [500, [587, 880], 2],
  [1016, 880, 2],
  [129, 831, 2],
  [120, 784, 2],
  [122, 740, 2],
  [127, 698, 2],
  [126, 659, 2],
  [122, 622, 2],
  [122, 587, 2],
  [129, [415, 554], 2],
  [1016, [466, 622], 2],
  [2016, [587, 698], 2],
  [129, [466, 587], 2],
  [120, [587, 698], 2],
  [122, [659, 784], 2],
  [127, [698, 831], 2],
  [126, [659, 784], 2],
  [122, [587, 698], 2],
  [122, [466, 587], 2],
  [129, 831, 2],
  [266, [587, 698], 2],
  [250, [659, 784], 2],
  [1125, 831, 2],
  [245, 880, 2],
  [129, 1047, 2],
  [266, 880, 2],
  [123, 831, 2],
  [127, 784, 2],
  [127, 698, 2],
  [120, 587, 2],
  [122, 659, 2],
  [128, 698, 2],
  [250, 784, 2],
  [249, 880, 2],
  [248, 1047, 2],
  [252, 1109, 2],
  [266, 831, 2],
  [250, 831, 1],
  [127, 784, 2],
  [120, 698, 2],
  [122, 784, 2],
  [1129, [294, 349], 2],
  [266, [330, 392], 2],
  [250, [349, 440], 2],
  [248, [587, 698], 2],
  [250, [523, 659], 2],
  [500, [440, 587], 2],
  [500, [392, 659], 2],
  [517, [440, 698], 2],
  [498, [523, 784], 2],
  [500, [440, 659], 2],
  [500, [587, 880], 2],
  [1016, 880, 2],
  [129, 831, 2],
  [120, 784, 2],
  [122, 740, 2],
  [127, 698, 2],
  [126, 659, 2],
  [122, 622, 2],
  [122, 587, 2],
  [129, [415, 554], 2],
  [1016, [466, 622], 2],
  [1000, 233, 2],
  [1516, 349, 2],
  [500, 330, 2],
  [1016, 294, 2],
  [1000, 349, 2],
  [4033, 233, 2],
  [1516, 349, 2],
  [500, 330, 2],
  [1016, 294, 2],
  [1000, 294, 1],
  [4033, [147, 233], 2],
  [143, 147, 2],
  [122, 294, 2],
  [250, 220, 2],
  [370, 208, 2],
  [258, 196, 2],
  [242, 175, 2],
  [127, 349, 2],
  [126, 147, 2],
  [122, 175, 2],
  [122, 196, 2],
  [129, [131, 330], 2],
  [143, 131, 2],
  [122, 294, 2],
  [250, 220, 2],
  [370, 208, 2],
  [128, 294, 2],
  [129, 196, 2],
  [242, 175, 2],
  [253, 147, 2],
  [122, 175, 2],
  [122, 196, 2],
  [129, [123, 349], 2],
  [143, 123, 2],
  [122, 294, 2],
  [250, 220, 2],
  [370, 208, 2],
  [258, 196, 2],
  [242, 175, 2],
  [253, 147, 2],
  [122, 175, 2],
  [122, 196, 2],
  [129, 123, 2],
  [143, 123, 1],
  [122, 294, 2],
  [250, 220, 2],
  [370, 208, 2],
  [258, 196, 2],
  [242, 175, 2],
  [253, 147, 2],
  [122, 175, 2],
  [122, 196, 2],
  [129, [147, 233], 2],
  [143, 147, 2],
  [122, 294, 2],
  [250, 220, 2],
  [370, 208, 2],
  [258, 196, 2],
  [242, 175, 2],
  [127, 349, 2],
  [126, 147, 2],
  [122, 175, 2],
  [122, 196, 2],
  [129, [131, 330], 2],
  [143, 131, 2],
  [122, 294, 2],
  [250, 220, 2],
  [370, 208, 2],
  [128, 294, 2],
  [129, 196, 2],
  [242, 175, 2],
  [253, 147, 2],
  [122, 175, 2],
  [122, 196, 2],
  [129, [147, 294], 2],
  [143, 147, 2],
  [122, [294, 349], 2],
  [250, [220, 330], 2],
  [370, [208, 262], 2],
  [258, [196, 330], 2],
  [242, [175, 294], 2],
  [253, [147, 196], 2],
  [122, [175, 220], 2],
  [122, [196, 262], 2],
  [129, 147, 2],
  [143, 147, 1],
  [122, [294, 349], 2],
  [250, [220, 330], 2],
  [370, [208, 262], 2],
  [258, [196, 330], 2],
  [242, [175, 294], 2],
  [253, [147, 196], 2],
  [122, [175, 220], 2],
  [122, [196, 262], 2],
  [129, [175, 233], 2],
  [266, [175, 117, 233], 3],
  [250, 117, 2],
  [127, [175, 233], 2],
  [120, 117, 2],
  [122, [175, 233], 2],
  [258, [175, 233], 1],
  [120, 117, 2],
  [122, 117, 1],
  [127, 117, 1],
  [126, 117, 1],
  [122, [175, 117, 233], 3],
  [252, [196, 262], 2],
  [266, [196, 131, 262], 3],
  [250, 131, 2],
  [127, [196, 262], 2],
  [120, 131, 2],
  [122, [196, 262], 2],
  [258, [196, 262], 1],
  [120, 131, 2],
  [122, 131, 1],
  [127, 131, 1],
  [126, 131, 1],
  [122, [196, 131, 262], 3],
  [252, [220, 294], 2],
  [266, [220, 147, 294], 3],
  [250, 147, 2],
  [127, [220, 294], 2],
  [120, 147, 2],
  [122, [208, 277], 2],
  [258, [208, 277], 1],
  [120, 139, 2],
  [122, 139, 1],
  [127, 139, 1],
  [126, 139, 1],
  [122, [208, 139, 277], 3],
  [252, [196, 262], 2],
  [266, [196, 131, 262], 3],
  [250, 131, 2],
  [127, [196, 262], 2],
  [120, 131, 2],
  [122, [185, 247], 2],
  [258, [185, 247], 1],
  [120, 123, 2],
  [122, 123, 1],
  [127, 123, 1],
  [126, 123, 1],
  [122, [185, 123, 247], 3],
  [252, [175, 233], 2],
  [266, [175, 117, 233], 3],
  [250, 117, 2],
  [127, [175, 233], 2],
  [120, 117, 2],
  [122, [175, 233], 2],
  [258, [175, 233], 1],
  [120, 117, 2],
  [122, 117, 1],
  [127, 117, 1],
  [126, 117, 1],
  [122, [175, 117, 233], 3],
  [252, [196, 262], 2],
  [266, [196, 131, 262], 3],
  [250, 131, 2],
  [127, [196, 262], 2],
  [120, 131, 2],
  [122, [196, 262], 2],
  [258, [196, 262], 1],
  [120, 131, 2],
  [122, 131, 1],
  [127, 131, 1],
  [126, 131, 1],
  [122, [196, 131, 262], 3],
  [252, [220, 294], 2],
  [266, [220, 147, 294], 3],
  [250, 147, 2],
  [127, [220, 294], 2],
  [120, 147, 2],
  [122, [220, 294], 2],
  [258, [220, 294], 1],
  [120, 147, 2],
  [122, 147, 1],
  [127, 147, 1],
  [126, 147, 1],
  [122, [147, 220, 294], 3],
  [252, [220, 294], 2],
  [266, [220, 147, 294], 3],
  [250, 147, 2],
  [127, [220, 294], 2],
  [120, 147, 2],
  [122, [220, 294], 2],
  [258, [220, 294], 1],
  [120, 147, 2],
  [122, 147, 1],
  [127, 147, 1],
  [126, 147, 1],
  [122, [220, 147, 294], 3],
  [252, [175, 233], 2],
  [266, [175, 117, 233], 3],
  [250, 117, 2],
  [127, [175, 233], 2],
  [120, 117, 2],
  [122, [175, 233], 2],
  [258, [175, 233], 1],
  [120, 117, 2],
  [122, 117, 1],
  [127, 117, 1],
  [126, 117, 1],
  [122, [175, 117, 233], 3],
  [252, [196, 262], 2],
  [266, [196, 131, 262], 3],
  [250, 131, 2],
  [127, [196, 262], 2],
  [120, 131, 2],
  [122, [196, 262], 2],
  [258, [196, 262], 1],
  [120, 131, 2],
  [122, 131, 1],
  [127, 131, 1],
  [126, 131, 1],
  [122, [196, 131, 262], 3],
  [252, [220, 294], 2],
  [266, [220, 147, 294], 3],
  [250, 147, 2],
  [127, [220, 294], 2],
  [120, 147, 2],
  [122, [208, 277], 2],
  [258, [208, 277], 1],
  [120, 139, 2],
  [122, 139, 1],
  [127, 139, 1],
  [126, 139, 1],
  [122, [208, 139, 277], 3],
  [252, [196, 262], 2],
  [266, [196, 131, 262], 3],
  [250, 131, 2],
  [127, [196, 262], 2],
  [120, 131, 2],
  [122, [185, 247], 2],
  [258, [185, 247], 1],
  [120, 123, 2],
  [122, 123, 1],
  [127, 123, 1],
  [126, 123, 1],
  [122, [185, 123, 247], 3],
  [252, [175, 233], 2],
  [266, [175, 117, 233], 3],
  [250, 117, 2],
  [127, [175, 233], 2],
  [120, 117, 2],
  [122, [175, 233], 2],
  [258, [175, 233], 1],
  [120, 117, 2],
  [122, 117, 1],
  [127, 117, 1],
  [126, 117, 1],
  [122, [175, 117, 233], 3],
  [252, [196, 262], 2],
  [266, [196, 131, 262], 3],
  [250, 131, 2],
  [127, [196, 262], 2],
  [120, 131, 2],
  [122, [196, 262], 2],
  [258, [196, 262], 1],
  [120, 131, 2],
  [122, 131, 1],
  [127, 131, 1],
  [126, 131, 1],
  [122, [196, 131, 262], 3],
  [252, [147, 294], 2],
  [143, 147, 2],
  [123, [294, 294, 147], 4],
  [250, 220, 2],
  [127, 294, 2],
  [120, 147, 2],
  [122, [208, 294], 2],
  [258, [196, 294], 2],
  [120, 147, 2],
  [122, 175, 2],
  [253, 147, 2],
  [122, [175, 147, 294], 4],
  [122, 196, 2],
  [129, [147, 294], 2],
  [143, 147, 2],
  [123, [294, 294, 147], 4],
  [250, 220, 2],
  [127, 294, 2],
  [120, 147, 2],
  [122, [208, 294], 2],
  [258, [196, 294], 2],
  [120, 147, 2],
  [122, 175, 2],
  [253, 147, 2],
  [119, [147, 175, 294], 4],
  [124, 196, 2],
  [129, 233, 2],
  [143, 233, 1],
  [122, 587, 2],
  [250, 440, 2],
  [370, 415, 2],
  [258, 392, 2],
  [242, 349, 2],
  [253, 294, 2],
  [122, 349, 2],
  [122, 392, 2],
  [129, 262, 2],
  [143, 262, 1],
  [122, 587, 2],
  [250, 440, 2],
  [370, 415, 2],
  [258, 392, 2],
  [242, 349, 2],
  [253, 294, 2],
  [122, 349, 2],
  [122, 392, 2],
  [129, 294, 2],
  [143, 294, 1],
  [122, 587, 2],
  [250, 440, 2],
  [370, 415, 2],
  [258, 392, 2],
  [242, 349, 2],
  [253, 294, 2],
  [122, 349, 2],
  [122, 392, 2],
  [129, 294, 2],
  [143, 294, 1],
  [122, 587, 2],
  [250, 440, 2],
  [370, 415, 2],
  [258, 392, 2],
  [242, 349, 2],
  [253, 294, 2],
  [122, 349, 2],
  [122, 392, 2],
  [129, 233, 2],
  [143, 233, 1],
  [122, 587, 2],
  [250, 440, 2],
  [370, 415, 2],
  [258, 392, 2],
  [242, 349, 2],
  [253, 294, 2],
  [122, 349, 2],
  [122, 392, 2],
  [129, 262, 2],
  [143, 262, 1],
  [122, 587, 2],
  [250, 440, 2],
  [370, 415, 2],
  [258, 392, 2],
  [242, 349, 2],
  [253, 294, 2],
  [122, 349, 2],
  [122, 392, 2],
  [132, 294, 2],
  [141, 294, 1],
  [122, 587, 2],
  [250, 440, 2],
  [370, 415, 2],
  [258, 392, 2],
  [242, 349, 2],
  [253, 294, 2],
  [122, 349, 2],
  [122, 392, 2],
  [129, 262, 2],
  [143, 262, 1],
  [122, 587, 2],
  [250, 440, 2],
  [370, 415, 2],
  [258, 392, 2],
  [242, 349, 2],
  [253, 294, 2],
  [122, 349, 2],
  [122, 392, 2],
  [129, 247, 2],
  [143, 247, 1],
  [122, 587, 2],
  [250, 440, 2],
  [370, 415, 2],
  [258, 392, 2],
  [242, 349, 2],
  [253, 294, 2],
  [122, 349, 2],
  [122, 392, 2],
  [129, 233, 2],
  [143, 233, 1],
  [122, 587, 2],
  [250, 440, 2],
  [370, 415, 2],
  [258, 392, 2],
  [242, 349, 2],
  [253, 294, 2],
  [122, 349, 2],
  [122, 392, 2],
  [129, 294, 2],
  [143, 294, 1],
  [122, 587, 2],
  [250, 440, 2],
  [370, 415, 2],
  [258, 392, 2],
  [242, 349, 2],
  [253, 294, 2],
  [122, 349, 2],
  [122, 392, 2],
  [129, 262, 2],
  [143, 262, 1],
  [122, 587, 2],
  [250, 440, 2],
  [370, 415, 2],
  [258, 392, 2],
  [242, 349, 2],
  [253, 294, 2],
  [122, 349, 2],
  [122, 392, 2],
  [129, 247, 2],
  [143, 247, 1],
  [122, 587, 2],
  [250, 440, 2],
  [370, 415, 2],
  [258, 392, 2],
  [242, 349, 2],
  [253, 294, 2],
  [122, 349, 2],
  [122, 392, 2],
  [129, 233, 2],
  [143, 233, 1],
  [122, 587, 2],
  [250, 440, 2],
  [370, 415, 2],
  [258, 392, 2],
  [242, 349, 2],
  [253, 294, 2],
  [122, 349, 2],
  [122, 392, 2],
  [129, [294, 587], 2],
  [143, [294, 587], 1],
  [122, [587, 1175], 2],
  [250, [440, 880], 2],
  [370, [415, 831], 2],
  [258, [392, 784], 2],
  [242, [349, 698], 2],
  [253, [294, 587], 2],
  [122, [349, 698], 2],
  [122, [392, 784], 2],
  [129, [262, 523], 2],
  [143, [262, 523], 1],
  [122, [587, 1175], 2],
  [250, [440, 880], 2],
  [370, [415, 831], 2],
  [258, [392, 784], 2],
  [242, [349, 698], 2],
  [253, [294, 587], 2],
  [122, [349, 698], 2],
  [122, [392, 784], 2],
  [129, [247, 494], 2],
  [143, [247, 494], 1],
  [122, [587, 1175], 2],
  [250, [440, 880], 2],
  [370, [415, 831], 2],
  [258, [392, 784], 2],
  [242, [349, 698], 2],
  [253, [294, 587], 2],
  [122, [349, 698], 2],
  [122, [392, 784], 2],
  [129, [233, 466], 2],
  [143, [233, 466], 1],
  [122, [587, 1175], 2],
  [250, [440, 880], 2],
  [370, [415, 831], 2],
  [258, [392, 784], 2],
  [242, [349, 698], 2],
  [253, [294, 587], 2],
  [122, [349, 698], 2],
  [122, [392, 784], 2],
  [129, 698, 2],
  [266, 698, 1],
  [123, 698, 1],
  [254, 698, 1],
  [242, 698, 1],
  [258, 587, 2],
  [242, 587, 1],
  [627, 698, 2],
  [266, 698, 1],
  [123, 698, 1],
  [254, 784, 2],
  [242, 831, 2],
  [379, 698, 2],
  [122, 587, 2],
  [127, 698, 2],
  [126, 784, 2],
  [374, 698, 2],
  [266, 698, 1],
  [123, 698, 1],
  [254, 784, 2],
  [242, 831, 2],
  [258, 880, 2],
  [242, 1047, 2],
  [253, 880, 2],
  [374, 1175, 2],
  [266, 1175, 1],
  [250, 1175, 1],
  [127, 880, 2],
  [120, 1175, 2],
  [122, 1047, 2],
  [1129, [698, 880], 2],
  [266, [698, 880], 1],
  [123, [698, 880], 1],
  [254, [698, 880], 1],
  [242, [698, 880], 1],
  [258, [587, 784], 2],
  [242, [587, 784], 1],
  [627, [698, 880], 2],
  [266, [698, 880], 1],
  [123, [698, 880], 1],
  [254, [698, 880], 1],
  [242, [587, 784], 2],
  [258, [698, 880], 2],
  [242, [659, 1175], 2],
  [253, [587, 880], 2],
  [122, [523, 784], 2],
  [252, [988, 1175], 2],
  [143, 784, 2],
  [123, [587, 880], 2],
  [123, 659, 2],
  [127, [698, 784], 2],
  [127, 587, 2],
  [120, [494, 698], 2],
  [122, 587, 2],
  [128, 1047, 2],
  [129, 587, 2],
  [120, [494, 784], 2],
  [122, 587, 2],
  [127, [494, 698], 2],
  [126, 392, 2],
  [122, [494, 659], 2],
  [122, 392, 2],
  [129, 466, 2],
  [266, 523, 2],
  [123, [466, 587], 2],
  [254, [587, 698], 2],
  [242, [659, 1047], 2],
  [2145, [587, 698], 2],
  [129, [466, 587], 2],
  [120, [587, 698], 2],
  [122, [659, 784], 2],
  [127, [698, 831], 2],
  [126, [659, 784], 2],
  [122, [587, 698], 2],
  [122, [466, 587], 2],
  [129, 831, 2],
  [266, [587, 698], 2],
  [250, [659, 784], 2],
  [1125, 831, 2],
  [245, 880, 2],
  [129, 1047, 2],
  [266, 880, 2],
  [123, 831, 2],
  [127, 784, 2],
  [127, 698, 2],
  [120, 587, 2],
  [122, 659, 2],
  [128, 698, 2],
  [250, 784, 2],
  [249, 880, 2],
  [248, 1047, 2],
  [252, 1109, 2],
  [266, 831, 2],
  [250, 831, 1],
  [127, 784, 2],
  [120, 698, 2],
  [122, 784, 2],
  [1129, [294, 349], 2],
  [266, [330, 392], 2],
  [250, [349, 440], 2],
  [248, [587, 698], 2],
  [250, [523, 659], 2],
  [500, [440, 587], 2],
  [500, [392, 659], 2],
  [517, [440, 698], 2],
  [498, [523, 784], 2],
  [500, [440, 659], 2],
  [500, [587, 880], 2],
  [1016, 880, 2],
  [129, 831, 2],
  [120, 784, 2],
  [122, 740, 2],
  [127, 698, 2],
  [126, 659, 2],
  [122, 622, 2],
  [122, 587, 2],
  [129, [415, 554], 2],
  [1016, [466, 622], 2],
  [1000, 233, 2],
  [1516, 349, 2],
  [500, 330, 2],
  [1016, 294, 2],
  [1000, 349, 2],
  [4033, 233, 2],
  [1516, 349, 2],
  [500, 330, 2],
  [1016, 294, 2],
  [1000, 294, 1],
  [4033, [147, 233], 2],
  [143, 147, 2],
  [122, 294, 2],
  [250, 220, 2],
  [370, 208, 2],
  [258, 196, 2],
  [242, 175, 2],
  [127, 349, 2],
  [126, 147, 2],
  [122, 175, 2],
  [122, 196, 2],
  [129, [131, 330], 2],
  [143, 131, 2],
  [122, 294, 2],
  [250, 220, 2],
  [370, 208, 2],
  [128, 294, 2],
  [129, 196, 2],
  [242, 175, 2],
  [253, 147, 2],
  [122, 175, 2],
  [122, 196, 2],
  [129, [123, 349], 2],
  [143, 123, 2],
  [122, 294, 2],
  [250, 220, 2],
  [370, 208, 2],
  [258, 196, 2],
  [242, 175, 2],
  [253, 147, 2],
  [122, 175, 2],
  [122, 196, 2],
  [129, 123, 2],
  [143, 123, 1],
  [122, 294, 2],
  [250, 220, 2],
  [370, 208, 2],
  [258, 196, 2],
  [242, 175, 2],
  [253, 147, 2],
  [122, 175, 2],
  [122, 196, 2],
  [129, [147, 233], 2],
  [143, 147, 2],
  [122, 294, 2],
  [250, 220, 2],
  [370, 208, 2],
  [258, 196, 2],
  [242, 175, 2],
  [127, 349, 2],
  [126, 147, 2],
  [122, 175, 2],
  [122, 196, 2],
  [129, [131, 330], 2],
  [143, 131, 2],
  [122, 294, 2],
  [250, 220, 2],
  [370, 208, 2],
  [128, 294, 2],
  [129, 196, 2],
  [242, 175, 2],
  [253, 147, 2],
  [122, 175, 2],
  [122, 196, 2],
  [129, [147, 294], 2],
  [143, 147, 2],
  [122, [294, 349], 2],
  [250, [220, 330], 2],
  [370, [208, 262], 2],
  [258, [196, 330], 2],
  [242, [175, 294], 2],
  [253, [147, 196], 2],
  [122, [175, 220], 2],
  [122, [196, 262], 2],
  [129, 147, 2],
  [143, 147, 1],
  [122, [294, 349], 2],
  [250, [220, 330], 2],
  [370, [208, 262], 2],
  [258, [196, 330], 2],
  [242, [175, 294], 2],
  [253, [147, 196], 2],
  [122, [175, 220], 2],
  [122, [196, 262], 2],
  [129, [175, 233], 2],
  [266, [175, 117, 233], 3],
  [250, 117, 2],
  [127, [175, 233], 2],
  [120, 117, 2],
  [122, [175, 233], 2],
  [258, [175, 233], 1],
  [120, 117, 2],
  [122, 117, 1],
  [127, 117, 1],
  [126, 117, 1],
  [122, [175, 117, 233], 3],
  [252, [196, 262], 2],
  [266, [196, 131, 262], 3],
  [250, 131, 2],
  [127, [196, 262], 2],
  [120, 131, 2],
  [122, [196, 262], 2],
  [258, [196, 262], 1],
  [120, 131, 2],
  [122, 131, 1],
  [127, 131, 1],
  [126, 131, 1],
  [122, [196, 131, 262], 3],
  [252, [220, 294], 2],
  [266, [220, 147, 294], 3],
  [250, 147, 2],
  [127, [220, 294], 2],
  [120, 147, 2],
  [122, [208, 277], 2],
  [258, [208, 277], 1],
  [120, 139, 2],
  [122, 139, 1],
  [127, 139, 1],
  [126, 139, 1],
  [122, [208, 139, 277], 3],
  [252, [196, 262], 2],
  [266, [196, 131, 262], 3],
  [250, 131, 2],
  [127, [196, 262], 2],
  [120, 131, 2],
  [122, [185, 247], 2],
  [258, [185, 247], 1],
  [120, 123, 2],
  [122, 123, 1],
  [127, 123, 1],
  [126, 123, 1],
  [122, [185, 123, 247], 3],
  [252, [175, 233], 2],
  [266, [175, 117, 233], 3],
  [250, 117, 2],
  [127, [175, 233], 2],
  [120, 117, 2],
  [122, [175, 233], 2],
  [258, [175, 233], 1],
  [120, 117, 2],
  [122, 117, 1],
  [127, 117, 1],
  [126, 117, 1],
  [122, [175, 117, 233], 3],
  [252, [196, 262], 2],
  [266, [196, 131, 262], 3],
  [250, 131, 2],
  [127, [196, 262], 2],
  [120, 131, 2],
  [122, [196, 262], 2],
  [258, [196, 262], 1],
  [120, 131, 2],
  [122, 131, 1],
  [127, 131, 1],
  [126, 131, 1],
  [122, [196, 131, 262], 3],
  [252, [147, 294], 2],
  [143, 147, 2],
  [123, [294, 294, 147], 4],
  [250, 220, 2],
  [127, 294, 2],
  [120, 147, 2],
  [122, [208, 294], 2],
  [258, [196, 294], 2],
  [120, 147, 2],
  [122, 175, 2],
  [253, 147, 2],
  [122, [175, 147, 294], 4],
  [122, 196, 2],
  [129, [147, 294], 2],
  [143, 147, 2],
  [123, [294, 294, 147], 4],
  [250, 220, 2],
  [127, 294, 2],
  [120, 147, 2],
  [122, [208, 294], 2],
  [258, [196, 294], 2],
  [120, 147, 2],
  [122, 175, 2],
  [253, 147, 2],
  [122, [175, 294, 147], 4],
  [122, 196, 2],
  [129, 233, 2],
  [143, 233, 1],
  [122, 587, 2],
  [250, 440, 2],
  [370, 415, 2],
  [258, 392, 2],
  [242, 349, 2],
  [253, 294, 2],
  [122, 349, 2],
  [122, 392, 2],
  [129, 262, 2],
  [143, 262, 1],
  [122, 587, 2],
  [250, 440, 2],
  [370, 415, 2],
  [258, 392, 2],
  [242, 349, 2],
  [253, 294, 2],
  [122, 349, 2],
  [122, 392, 2],
  [129, 294, 2],
  [143, 294, 1],
  [122, 587, 2],
  [250, 440, 2],
  [370, 415, 2],
  [258, 392, 2],
  [242, 349, 2],
  [253, 294, 2],
  [122, 349, 2],
  [122, 392, 2],
  [129, 294, 2],
  [143, 294, 1],
  [122, 587, 2],
  [250, 440, 2],
  [370, 415, 2],
  [258, 392, 2],
  [242, 349, 2],
  [253, 294, 2],
  [122, 349, 2],
  [122, 392, 2],
  [129, 233, 2],
  [143, 233, 1],
  [122, 587, 2],
  [250, 440, 2],
  [370, 415, 2],
  [258, 392, 2],
  [242, 349, 2],
  [253, 294, 2],
  [122, 349, 2],
  [122, 392, 2],
  [129, 262, 2],
  [143, 262, 1],
  [122, 587, 2],
  [250, 440, 2],
  [370, 415, 2],
  [258, 392, 2],
  [242, 349, 2],
  [253, 294, 2],
  [122, 349, 2],
  [122, 392, 2],
];
