const beatmap = [
  [4, [294, 370, 123], 3],
  [509, [370, 440], 2],
  [246, [440, 554], 2],
  [498, [370, 440], 2],
  [493, [294, 370], 2],
  [249, [294, 208], 2],
  [264, [294, 208], 2],
  [248, [294, 208], 2],
  [1237, [277, 175], 2],
  [249, [294, 123, 185], 3],
  [264, [294, 370], 2],
  [248, [370, 440], 2],
  [246, [440, 554], 2],
  [498, [370, 440], 2],
  [493, [294, 370], 2],
  [249, [330, 415, 659, 208], 4],
  [759, [311, 392, 622, 196], 4],
  [249, [294, 370, 587, 185], 4],
  [991, [415, 110], 2],
  [512, [554, 277, 330], 3],
  [246, [370], 2],
  [498, [554, 165], 2],
  [493, [415, 208], 2],
  [514, [554, 277, 330], 3],
  [494, [392, 196], 2],
  [249, [370, 185], 2],
  [495, [330, 277], 2],
  [496, [185, 262, 73], 3],
  [264, [185, 262, 73], 3],
  [248, [185, 262, 73], 3],
  [991, [185, 262, 73], 3],
  [246, [185, 262, 73], 3],
  [249, [185, 262, 73], 3],
  [1008, [208, 247, 311], 3],
  [495, [196, 233, 294], 3],
  [496, [294, 370, 185, 220, 277], 4],
  [512, [370, 440], 2],
  [246, [440, 554], 2],
  [498, [370, 440], 2],
  [493, [311, 370, 294], 3],
  [249, [330, 208, 294], 3],
  [264, [330, 208, 294], 3],
  [248, [330, 208, 294], 3],
  [495, [415, 659], 2],
  [249, [415, 659], 2],
  [246, [415, 659], 2],
  [496, [123], 2],
  [264, [294, 370], 2],
  [248, [370, 440], 2],
  [246, [440, 554], 2],
  [499, [370, 440], 2],
  [503, [294, 370], 2],
  [258, [330, 415, 554, 165], 4],
  [1013, [294, 370, 494, 147], 4],
  [991, [494, 165], 2],
  [264, [392], 2],
  [248, [294, 247], 2],
  [246, [277, 110], 2],
  [498, [494, 220, 277], 3],
  [246, [392], 2],
  [246, [277], 2],
  [249, [440, 147], 2],
  [264, [370], 2],
  [248, [262, 220], 2],
  [246, [247, 98], 2],
  [498, [349, 196, 247], 3],
  [246, [294], 2],
  [246, [247], 2],
  [249, [185, 277, 123, 165], 4],
  [264, [185, 277, 123, 165], 4],
  [248, [185, 277, 123, 165], 4],
  [1237, [466, 139], 2],
  [249, [494, 147], 2],
  [264, [554, 196], 2],
  [248, [587, 208], 2],
  [246, [740, 277], 2],
  [249, [880, 392], 2],
  [2000, [220], 2],
  [495, [233], 2],
  [496, [247, 165], 2],
  [512, [165, 196], 2],
  [246, [233, 123], 2],
  [249, [247], 2],
  [249, [165, 196], 2],
  [742, [110], 2],
  [264, [165, 196], 2],
  [248, [220], 2],
  [246, [233, 165], 2],
  [249, [247], 2],
  [249, [370], 2],
  [246, [185, 196, 247], 4],
  [246, [277], 2],
  [249, [247, 147], 2],
  [512, [185, 220], 2],
  [246, [233, 110], 2],
  [249, [247], 2],
  [249, [185, 220], 2],
  [493, [139], 2],
  [249, [147], 2],
  [264, [185, 220], 2],
  [494, [110], 2],
  [249, [247], 2],
  [495, [262, 185, 220], 3],
  [496, [277, 92], 2],
  [512, [156, 247], 2],
  [246, [262, 139], 2],
  [249, [277], 2],
  [249, [139, 233], 2],
  [493, [87], 2],
  [249, [92], 2],
  [264, [139, 233], 2],
  [248, [277], 2],
  [246, [262, 69], 2],
  [249, [277], 2],
  [249, [415], 2],
  [246, [139, 233], 2],
  [246, [311], 2],
  [249, [277, 92], 2],
  [512, [185, 220], 2],
  [246, [311, 123], 2],
  [249, [247], 2],
  [249, [185, 220], 2],
  [493, [277], 2],
  [249, [294, 82], 2],
  [264, [370, 440], 2],
  [494, [294], 2],
  [249, [330, 415, 139, 247], 4],
  [249, [330, 415, 139, 247], 4],
  [246, [330, 415, 139, 247], 4],
  [499, [294, 370, 123], 3],
  [509, [370, 440], 2],
  [246, [440, 554], 2],
  [498, [370, 440], 2],
  [493, [294, 370], 2],
  [249, [294, 208], 2],
  [264, [294, 208], 2],
  [248, [294, 208], 2],
  [1237, [277, 175], 2],
  [249, [294, 123, 185], 3],
  [264, [294, 370], 2],
  [248, [370, 440], 2],
  [246, [440, 554], 2],
  [498, [370, 440], 2],
  [493, [294, 370], 2],
  [249, [330, 415, 659, 208], 4],
  [759, [311, 392, 622, 196], 4],
  [249, [294, 370, 587, 185], 4],
  [991, [415, 110], 2],
  [512, [554, 277, 330], 3],
  [246, [370], 2],
  [498, [554, 165], 2],
  [493, [415, 208], 2],
  [514, [554, 277, 330], 3],
  [494, [392, 196], 2],
  [249, [370, 185], 2],
  [495, [330, 277], 2],
  [496, [185, 262, 73], 3],
  [264, [185, 262, 73], 3],
  [248, [185, 262, 73], 3],
  [991, [185, 262, 73], 3],
  [246, [185, 262, 73], 3],
  [249, [185, 262, 73], 3],
  [1008, [208, 247, 311], 3],
  [495, [196, 233, 294], 3],
  [496, [294, 370, 185, 220, 277], 4],
  [512, [370, 440], 2],
  [246, [440, 554], 2],
  [498, [370, 440], 2],
  [493, [311, 370, 294], 3],
  [249, [330, 208, 294], 3],
  [264, [330, 208, 294], 3],
  [248, [330, 208, 294], 3],
  [495, [415, 659], 2],
  [249, [415, 659], 2],
  [246, [415, 659], 2],
  [496, [123], 2],
  [264, [294, 370], 2],
  [248, [370, 440], 2],
  [246, [440, 554], 2],
  [499, [370, 440], 2],
  [503, [294, 370], 2],
  [258, [330, 415, 554, 165], 4],
  [1013, [294, 370, 494, 147], 4],
  [991, [494, 165], 2],
  [264, [392], 2],
  [248, [294, 247], 2],
  [246, [277, 110], 2],
  [498, [494, 220, 277], 3],
  [246, [392], 2],
  [246, [277], 2],
  [249, [440, 147], 2],
  [264, [370], 2],
  [248, [262, 220], 2],
  [246, [247, 98], 2],
  [498, [349, 196, 247], 3],
  [246, [294], 2],
  [246, [247], 2],
  [249, [185, 277, 123, 165], 4],
  [264, [185, 277, 123, 165], 4],
  [248, [185, 277, 123, 165], 4],
  [1237, [466, 139], 2],
  [249, [494, 147], 2],
  [264, [554, 196], 2],
  [248, [587, 208], 2],
  [246, [740, 277], 2],
  [249, [880, 392], 2],
  [2000, [220], 2],
  [495, [233], 2],
  [496, [247, 165], 2],
  [512, [165, 196], 2],
  [246, [233, 123], 2],
  [249, [247], 2],
  [249, [165, 196], 2],
  [742, [110], 2],
  [264, [165, 196], 2],
  [248, [220], 2],
  [246, [233, 165], 2],
  [249, [247], 2],
  [249, [370], 2],
  [246, [185, 196, 247], 4],
  [246, [277], 2],
  [249, [247, 147], 2],
  [512, [185, 220], 2],
  [246, [233, 110], 2],
  [249, [247], 2],
  [249, [185, 220], 2],
  [493, [139], 2],
  [249, [147], 2],
  [264, [185, 220], 2],
  [494, [110], 2],
  [249, [247], 2],
  [495, [262, 185, 220], 3],
  [496, [277, 92], 2],
  [512, [156, 247], 2],
  [246, [262, 139], 2],
  [249, [277], 2],
  [249, [139, 233], 2],
  [493, [87], 2],
  [249, [92], 2],
  [264, [139, 233], 2],
  [248, [277], 2],
  [246, [262, 69], 2],
  [249, [277], 2],
  [249, [415], 2],
  [246, [139, 233], 2],
  [246, [311], 2],
  [249, [277, 92], 2],
  [512, [185, 220], 2],
  [246, [311, 123], 2],
  [249, [247], 2],
  [249, [185, 220], 2],
  [493, [277], 2],
  [249, [294, 82], 2],
  [264, [370, 440], 2],
  [494, [294], 2],
  [249, [330, 415, 139, 247], 4],
  [249, [330, 415, 139, 247], 4],
  [246, [330, 415, 139, 247], 4],
];
